0  33  205
-19063.000000  -483.000000  -5459.000000  -11835.000000  12779.000000  -17018.000000  -11883.000000  4575.000000  0.000000  -32322.000000  -25518.000000  28378.000000  19060.000000  -11835.000000  12779.000000  12965.000000  2440587.159444
-19063.000000  27409.000000  11220.000000  -11835.000000  12779.000000  -17018.000000  -11883.000000  4575.000000  0.000000  -32322.000000  -25518.000000  28378.000000  19060.000000  -11835.000000  12779.000000  12965.000000  2440587.160139
-16986.000000  27409.000000  11220.000000  -11835.000000  12779.000000  -17018.000000  -11883.000000  -22018.000000  6562.000000  -32322.000000  -25518.000000  28378.000000  8413.000000  -11835.000000  12779.000000  -10141.000000  2440587.160833
-16986.000000  12784.000000  27774.000000  -11835.000000  12779.000000  -17018.000000  -11883.000000  -22018.000000  6562.000000  -32322.000000  -25518.000000  28378.000000  8413.000000  -11835.000000  12779.000000  -10141.000000  2440587.161528
-18291.000000  13843.000000  -8875.000000  -11835.000000  12779.000000  -17018.000000  14660.000000  -22018.000000  22007.000000  -32322.000000  -25518.000000  28378.000000  -13894.000000  -11835.000000  12779.000000  -6724.000000  2440587.162222
28108.000000  -32080.000000  -8875.000000  -11835.000000  12779.000000  -17018.000000  14660.000000  -22018.000000  22007.000000  -32322.000000  -25518.000000  28378.000000  -30505.000000  -11835.000000  12779.000000  13788.000000  2440587.162917
-14514.000000  23629.000000  -27349.000000  -11835.000000  12779.000000  -17018.000000  10740.000000  -29284.000000  32752.000000  -32322.000000  -25518.000000  28378.000000  -24195.000000  -11835.000000  12779.000000  -14910.000000  2440587.163611
16570.000000  23629.000000  24750.000000  -11835.000000  12779.000000  -17018.000000  10740.000000  -29284.000000  32752.000000  -32322.000000  -25518.000000  28378.000000  -26827.000000  -11835.000000  12779.000000  26546.000000  2440587.164306
-1105.000000  -25586.000000  9191.000000  -11835.000000  12779.000000  -17018.000000  13745.000000  14716.000000  16652.000000  -32322.000000  -25518.000000  28378.000000  -919.000000  -11835.000000  12779.000000  -7422.000000  2440587.169167
-18764.000000  29794.000000  9191.000000  -11835.000000  12779.000000  -17018.000000  13745.000000  14716.000000  16652.000000  -32322.000000  -25518.000000  28378.000000  -27729.000000  -11835.000000  12779.000000  635.000000  2440587.169861
-24266.000000  -19886.000000  16123.000000  -11835.000000  12779.000000  -17018.000000  -27737.000000  781.000000  4376.000000  -32322.000000  -25518.000000  28378.000000  20182.000000  -11835.000000  12779.000000  -3111.000000  2440587.170556
20077.000000  13239.000000  26514.000000  -11835.000000  12779.000000  -17018.000000  -27737.000000  781.000000  4376.000000  -32322.000000  -25518.000000  28378.000000  -28828.000000  -11835.000000  12779.000000  3492.000000  2440587.171250
-5632.000000  -17219.000000  19282.000000  -11835.000000  12779.000000  -17018.000000  -30621.000000  -12712.000000  4376.000000  -32322.000000  -25518.000000  28378.000000  8323.000000  -11835.000000  12779.000000  -27954.000000  2440587.171944
-31718.000000  5239.000000  -15414.000000  -23900.000000  10600.000000  -6093.000000  10666.000000  781.000000  4376.000000  14398.000000  10787.000000  -6929.000000  31380.000000  -23900.000000  10600.000000  -12369.000000  2440587.171944
16657.000000  14418.000000  -15414.000000  -11835.000000  12779.000000  -17018.000000  -30621.000000  -12712.000000  4376.000000  -32322.000000  -25518.000000  28378.000000  -28095.000000  -11835.000000  12779.000000  -9831.000000  2440587.172639
-7380.000000  14418.000000  19071.000000  -23900.000000  10600.000000  -6093.000000  10666.000000  781.000000  4376.000000  14398.000000  10787.000000  -6929.000000  -332.000000  -23900.000000  10600.000000  9009.000000  2440587.172639
1574.000000  -17219.000000  -22981.000000  -11835.000000  12779.000000  -17018.000000  -30621.000000  -12712.000000  0.000000  -32322.000000  -25518.000000  28378.000000  -31770.000000  -11835.000000  12779.000000  -5574.000000  2440587.173333
-10457.000000  -28450.000000  9756.000000  -11835.000000  12779.000000  -17018.000000  -30621.000000  -12712.000000  0.000000  -32322.000000  -25518.000000  28378.000000  27035.000000  -11835.000000  12779.000000  -4672.000000  2440587.174028
32319.000000  14839.000000  9756.000000  -23900.000000  10600.000000  -6093.000000  -30621.000000  20661.000000  4376.000000  14398.000000  10787.000000  -6929.000000  -3198.000000  -23900.000000  10600.000000  -9178.000000  2440587.174028
6659.000000  -7239.000000  662.000000  -11835.000000  12779.000000  -17018.000000  6292.000000  23775.000000  0.000000  -32322.000000  -25518.000000  28378.000000  8419.000000  -11835.000000  12779.000000  -17830.000000  2440587.174722
1574.000000  -28450.000000  9756.000000  -23900.000000  10600.000000  -6093.000000  6292.000000  -27774.000000  0.000000  14398.000000  10787.000000  -6929.000000  -31118.000000  -23900.000000  10600.000000  5149.000000  2440587.174722
20015.000000  3126.000000  13535.000000  -11835.000000  12779.000000  -17018.000000  6292.000000  23775.000000  0.000000  -32322.000000  -25518.000000  28378.000000  -8586.000000  -11835.000000  12779.000000  -28703.000000  2440587.175417
24005.000000  -30081.000000  20536.000000  -11835.000000  12779.000000  -17018.000000  12379.000000  -15187.000000  0.000000  -32322.000000  -25518.000000  28378.000000  12526.000000  -11835.000000  12779.000000  6277.000000  2440587.176111
-11160.000000  -28047.000000  4304.000000  -11835.000000  12779.000000  -17018.000000  12379.000000  -15187.000000  0.000000  -32322.000000  -25518.000000  28378.000000  -20708.000000  -11835.000000  12779.000000  -14913.000000  2440587.176806
31378.000000  27404.000000  -4955.000000  -519.000000  15300.000000  -25611.000000  5246.000000  -2066.000000  20922.000000  13547.000000  -27051.000000  178.000000  -7110.000000  -519.000000  15300.000000  11158.000000  2440587.177500
31378.000000  7427.000000  27021.000000  -11835.000000  12779.000000  -17018.000000  5246.000000  -2066.000000  20922.000000  13547.000000  -27051.000000  178.000000  -20338.000000  -11835.000000  12779.000000  -6826.000000  2440587.177500
18148.000000  -24020.000000  -6775.000000  -519.000000  15300.000000  -25611.000000  5246.000000  -2066.000000  20922.000000  13547.000000  -27051.000000  178.000000  -9316.000000  -519.000000  15300.000000  29548.000000  2440587.178194
-27707.000000  -24020.000000  -4955.000000  -11835.000000  12779.000000  -17018.000000  5246.000000  -2066.000000  20922.000000  13547.000000  -27051.000000  178.000000  4366.000000  -11835.000000  12779.000000  31399.000000  2440587.178194
-30450.000000  -30638.000000  27021.000000  -23900.000000  10600.000000  -6093.000000  5246.000000  14403.000000  0.000000  14398.000000  10787.000000  -6929.000000  -21530.000000  -23900.000000  10600.000000  -837.000000  2440587.178194
18148.000000  -24020.000000  10648.000000  -519.000000  15300.000000  -25611.000000  -31254.000000  -12122.000000  0.000000  13547.000000  -27051.000000  178.000000  30441.000000  -519.000000  15300.000000  19538.000000  2440587.178889
-27707.000000  -24020.000000  16013.000000  -11835.000000  12779.000000  -17018.000000  -31254.000000  -12122.000000  0.000000  13547.000000  -27051.000000  178.000000  29594.000000  -11835.000000  12779.000000  -7022.000000  2440587.178889
-30450.000000  -30638.000000  27021.000000  -23900.000000  10600.000000  -6093.000000  5246.000000  -2823.000000  0.000000  14398.000000  10787.000000  -6929.000000  -21530.000000  -23900.000000  10600.000000  -837.000000  2440587.178889
31031.000000  10378.000000  2777.000000  -519.000000  15300.000000  -25611.000000  -31254.000000  -12122.000000  0.000000  13547.000000  -27051.000000  178.000000  19824.000000  -519.000000  15300.000000  399.000000  2440587.179583
19564.000000  10378.000000  -11072.000000  -11835.000000  12779.000000  -17018.000000  -31254.000000  -12122.000000  0.000000  13547.000000  -27051.000000  178.000000  -556.000000  -11835.000000  12779.000000  -27228.000000  2440587.179583
-27707.000000  -8374.000000  17618.000000  -23900.000000  10600.000000  -6093.000000  5246.000000  -2823.000000  0.000000  14398.000000  10787.000000  -6929.000000  15707.000000  -23900.000000  10600.000000  -3956.000000  2440587.179583
30465.000000  -11852.000000  2777.000000  -519.000000  15300.000000  -25611.000000  -31254.000000  -12881.000000  0.000000  13547.000000  -27051.000000  178.000000  4747.000000  -519.000000  15300.000000  -6323.000000  2440587.180278
19564.000000  3168.000000  12980.000000  -11835.000000  12779.000000  -17018.000000  -31254.000000  -12881.000000  0.000000  13547.000000  -27051.000000  178.000000  -556.000000  -11835.000000  12779.000000  -27228.000000  2440587.180278
6348.000000  -7582.000000  17618.000000  -23900.000000  10600.000000  -6093.000000  22091.000000  -2736.000000  0.000000  14398.000000  10787.000000  -6929.000000  29117.000000  -23900.000000  10600.000000  -2384.000000  2440587.180278
30465.000000  18308.000000  28692.000000  -519.000000  15300.000000  -25611.000000  -31254.000000  -12881.000000  0.000000  13547.000000  -27051.000000  178.000000  4747.000000  -519.000000  15300.000000  -6323.000000  2440587.180972
6348.000000  3168.000000  -32480.000000  -11835.000000  12779.000000  -17018.000000  -31254.000000  -12881.000000  0.000000  13547.000000  -27051.000000  178.000000  -21739.000000  -11835.000000  12779.000000  -19204.000000  2440587.180972
6348.000000  3168.000000  1208.000000  -23900.000000  10600.000000  -6093.000000  22091.000000  -2736.000000  0.000000  14398.000000  10787.000000  -6929.000000  29117.000000  -23900.000000  10600.000000  -2384.000000  2440587.180972
28580.000000  10640.000000  -19302.000000  -519.000000  15300.000000  -25611.000000  -1705.000000  -12881.000000  0.000000  13547.000000  -27051.000000  178.000000  -22158.000000  -519.000000  15300.000000  -3861.000000  2440587.181667
6348.000000  24218.000000  17924.000000  -11835.000000  12779.000000  -17018.000000  -1705.000000  -12881.000000  0.000000  13547.000000  -27051.000000  178.000000  -1025.000000  -11835.000000  12779.000000  28022.000000  2440587.181667
-21243.000000  3168.000000  14093.000000  -23900.000000  10600.000000  -6093.000000  20843.000000  -31993.000000  0.000000  14398.000000  10787.000000  -6929.000000  -21432.000000  -23900.000000  10600.000000  -30694.000000  2440587.181667
21915.000000  10640.000000  -32480.000000  -519.000000  15300.000000  -25611.000000  -1705.000000  -12881.000000  0.000000  13547.000000  -27051.000000  178.000000  15876.000000  -519.000000  15300.000000  28730.000000  2440587.182361
-29279.000000  24218.000000  17924.000000  -11835.000000  12779.000000  -17018.000000  -1705.000000  -12881.000000  0.000000  13547.000000  -27051.000000  178.000000  -27383.000000  -11835.000000  12779.000000  939.000000  2440587.182361
-29279.000000  16743.000000  14093.000000  -23900.000000  10600.000000  -6093.000000  20843.000000  -31993.000000  0.000000  14398.000000  10787.000000  -6929.000000  -14380.000000  -23900.000000  10600.000000  -6935.000000  2440587.182361
-9972.000000  -4261.000000  17924.000000  -11835.000000  12779.000000  -17018.000000  -4873.000000  29603.000000  0.000000  -32322.000000  -25518.000000  28378.000000  18475.000000  -11835.000000  12779.000000  17430.000000  2440587.183056
-9972.000000  -30969.000000  14093.000000  -23900.000000  10600.000000  -6093.000000  17502.000000  -31993.000000  0.000000  14398.000000  10787.000000  -6929.000000  32479.000000  -23900.000000  10600.000000  -19458.000000  2440587.183056
-11411.000000  -4261.000000  -15631.000000  -11835.000000  12779.000000  -17018.000000  -4873.000000  29603.000000  0.000000  -32322.000000  -25518.000000  28378.000000  -9344.000000  -11835.000000  12779.000000  15033.000000  2440587.183750
29152.000000  -31692.000000  3999.000000  -23900.000000  10600.000000  -6093.000000  17502.000000  -31993.000000  0.000000  14398.000000  10787.000000  -6929.000000  -17189.000000  -23900.000000  10600.000000  -5700.000000  2440587.183750
-11411.000000  -20772.000000  -15631.000000  -11835.000000  12779.000000  -17018.000000  15672.000000  -14657.000000  0.000000  -32322.000000  -25518.000000  28378.000000  -17416.000000  -11835.000000  12779.000000  -15557.000000  2440587.184444
20363.000000  -20772.000000  29315.000000  -23900.000000  10600.000000  -6093.000000  15672.000000  26031.000000  0.000000  14398.000000  10787.000000  -6929.000000  -19050.000000  -23900.000000  10600.000000  30820.000000  2440587.184444
28843.000000  -20772.000000  -20966.000000  -11835.000000  12779.000000  -17018.000000  15672.000000  -14657.000000  0.000000  -32322.000000  -25518.000000  28378.000000  6419.000000  -11835.000000  12779.000000  -17024.000000  2440587.185139
-32288.000000  -20772.000000  1341.000000  -23900.000000  10600.000000  -6093.000000  15672.000000  26031.000000  0.000000  14398.000000  10787.000000  -6929.000000  -20333.000000  -23900.000000  10600.000000  -30157.000000  2440587.185139
-32288.000000  -23831.000000  8445.000000  -11835.000000  12779.000000  -17018.000000  23391.000000  27806.000000  0.000000  -32322.000000  -25518.000000  28378.000000  775.000000  -11835.000000  12779.000000  15810.000000  2440587.185833
-25458.000000  -20772.000000  9662.000000  -23900.000000  10600.000000  -6093.000000  23391.000000  -12613.000000  0.000000  14398.000000  10787.000000  -6929.000000  -11765.000000  -23900.000000  10600.000000  -23006.000000  2440587.185833
-23148.000000  20555.000000  -20966.000000  -11835.000000  12779.000000  -17018.000000  23391.000000  27806.000000  0.000000  -32322.000000  -25518.000000  28378.000000  -16817.000000  -11835.000000  12779.000000  -28450.000000  2440587.186528
20824.000000  18357.000000  9662.000000  -23900.000000  10600.000000  -6093.000000  23391.000000  -12613.000000  0.000000  14398.000000  10787.000000  -6929.000000  -21586.000000  -23900.000000  10600.000000  25842.000000  2440587.186528
-5320.000000  18357.000000  -3863.000000  -11835.000000  12779.000000  -17018.000000  -13170.000000  27806.000000  0.000000  -32322.000000  -25518.000000  28378.000000  -30172.000000  -11835.000000  12779.000000  17614.000000  2440587.187222
-23148.000000  18357.000000  -3944.000000  -23900.000000  10600.000000  -6093.000000  -13170.000000  -12613.000000  -11409.000000  14398.000000  10787.000000  -6929.000000  -2421.000000  -23900.000000  10600.000000  5854.000000  2440587.187222
28843.000000  25619.000000  -3944.000000  -11835.000000  12779.000000  -17018.000000  -13170.000000  27806.000000  0.000000  -32322.000000  -25518.000000  28378.000000  -23320.000000  -11835.000000  12779.000000  1929.000000  2440587.187917
408.000000  8287.000000  -3944.000000  -23900.000000  10600.000000  -6093.000000  -13170.000000  -12613.000000  -11409.000000  14398.000000  10787.000000  -6929.000000  2113.000000  -23900.000000  10600.000000  8904.000000  2440587.187917
29654.000000  5999.000000  -29278.000000  -519.000000  15300.000000  -25611.000000  -2581.000000  -29929.000000  -23114.000000  13547.000000  -27051.000000  178.000000  14381.000000  -519.000000  15300.000000  5747.000000  2440587.188611
-1875.000000  32131.000000  -29278.000000  -11835.000000  12779.000000  -17018.000000  -2581.000000  -29929.000000  -23114.000000  13547.000000  -27051.000000  178.000000  -8884.000000  -11835.000000  12779.000000  32735.000000  2440587.188611
408.000000  -11686.000000  13824.000000  -23900.000000  10600.000000  -6093.000000  -2581.000000  13776.000000  12907.000000  14398.000000  10787.000000  -6929.000000  18062.000000  -23900.000000  10600.000000  -14287.000000  2440587.188611
-7265.000000  -17676.000000  -29278.000000  -519.000000  15300.000000  -25611.000000  -2581.000000  -29929.000000  -23114.000000  13547.000000  -27051.000000  178.000000  18463.000000  -519.000000  15300.000000  24894.000000  2440587.189306
-21150.000000  -17676.000000  20645.000000  -11835.000000  12779.000000  -17018.000000  -2581.000000  -29929.000000  -23114.000000  13547.000000  -27051.000000  178.000000  4517.000000  -11835.000000  12779.000000  -30931.000000  2440587.189306
-12850.000000  -11686.000000  16521.000000  -23900.000000  10600.000000  -6093.000000  -2581.000000  13776.000000  12907.000000  14398.000000  10787.000000  -6929.000000  -5187.000000  -23900.000000  10600.000000  4119.000000  2440587.189306
18844.000000  17254.000000  20645.000000  -519.000000  15300.000000  -25611.000000  22344.000000  -29317.000000  -12508.000000  13547.000000  -27051.000000  178.000000  3402.000000  -519.000000  15300.000000  18027.000000  2440587.190000
26442.000000  17254.000000  -30461.000000  -11835.000000  12779.000000  -17018.000000  22344.000000  -29317.000000  -12508.000000  13547.000000  -27051.000000  178.000000  -13670.000000  -11835.000000  12779.000000  15131.000000  2440587.190000
-6322.000000  -9439.000000  20645.000000  -23900.000000  10600.000000  -6093.000000  -4586.000000  -29317.000000  12907.000000  14398.000000  10787.000000  -6929.000000  -15562.000000  -23900.000000  10600.000000  30384.000000  2440587.190000
25896.000000  10533.000000  17466.000000  -519.000000  15300.000000  -25611.000000  22344.000000  -29317.000000  -12508.000000  13547.000000  -27051.000000  178.000000  7729.000000  -519.000000  15300.000000  17880.000000  2440587.190694
-21022.000000  -5976.000000  3207.000000  -11835.000000  12779.000000  -17018.000000  22344.000000  -29317.000000  -12508.000000  13547.000000  -27051.000000  178.000000  -5464.000000  -11835.000000  12779.000000  -7970.000000  2440587.190694
-6322.000000  -14969.000000  22370.000000  -23900.000000  10600.000000  -6093.000000  -4586.000000  -29317.000000  12907.000000  14398.000000  10787.000000  -6929.000000  -15562.000000  -23900.000000  10600.000000  30384.000000  2440587.190694
24698.000000  2050.000000  -15428.000000  -519.000000  15300.000000  -25611.000000  4129.000000  13214.000000  -23417.000000  13547.000000  -27051.000000  178.000000  14591.000000  -519.000000  15300.000000  -17861.000000  2440587.191389
-21425.000000  -5976.000000  -12791.000000  -11835.000000  12779.000000  -17018.000000  4129.000000  13214.000000  -23417.000000  13547.000000  -27051.000000  178.000000  -23512.000000  -11835.000000  12779.000000  -15215.000000  2440587.191389
18524.000000  -14969.000000  -4947.000000  -23900.000000  10600.000000  -6093.000000  27754.000000  650.000000  4868.000000  14398.000000  10787.000000  -6929.000000  29878.000000  -23900.000000  10600.000000  -1177.000000  2440587.191389
-843.000000  2050.000000  -15428.000000  -519.000000  15300.000000  -25611.000000  4129.000000  13214.000000  -23417.000000  13547.000000  -27051.000000  178.000000  -27034.000000  -519.000000  15300.000000  -6183.000000  2440587.192083
-17507.000000  -28243.000000  -31513.000000  -11835.000000  12779.000000  -17018.000000  4129.000000  13214.000000  -23417.000000  13547.000000  -27051.000000  178.000000  22753.000000  -11835.000000  12779.000000  11416.000000  2440587.192083
-21150.000000  -5976.000000  19976.000000  -23900.000000  10600.000000  -6093.000000  27754.000000  650.000000  4868.000000  14398.000000  10787.000000  -6929.000000  5943.000000  -23900.000000  10600.000000  -26918.000000  2440587.192083
-17507.000000  -30684.000000  -15428.000000  -519.000000  15300.000000  -25611.000000  4129.000000  650.000000  0.000000  13547.000000  -27051.000000  178.000000  29013.000000  -519.000000  15300.000000  13229.000000  2440587.192778
-17507.000000  2063.000000  -5508.000000  -11835.000000  12779.000000  -17018.000000  4129.000000  650.000000  0.000000  13547.000000  -27051.000000  178.000000  22753.000000  -11835.000000  12779.000000  11416.000000  2440587.192778
-17507.000000  5270.000000  19976.000000  -23900.000000  10600.000000  -6093.000000  -18130.000000  22364.000000  667.000000  14398.000000  10787.000000  -6929.000000  -26831.000000  -23900.000000  10600.000000  -8989.000000  2440587.192778
-17507.000000  -30684.000000  30468.000000  -519.000000  15300.000000  -25611.000000  4129.000000  650.000000  0.000000  13547.000000  -27051.000000  178.000000  29013.000000  -519.000000  15300.000000  13229.000000  2440587.193472
23320.000000  2063.000000  2582.000000  -11835.000000  12779.000000  -17018.000000  4129.000000  650.000000  0.000000  13547.000000  -27051.000000  178.000000  23197.000000  -11835.000000  12779.000000  -29613.000000  2440587.193472
23320.000000  -14423.000000  -13418.000000  -23900.000000  10600.000000  -6093.000000  -18130.000000  22364.000000  667.000000  14398.000000  10787.000000  -6929.000000  -31076.000000  -23900.000000  10600.000000  11497.000000  2440587.193472
9056.000000  8847.000000  -32473.000000  -519.000000  15300.000000  -25611.000000  16879.000000  -27122.000000  0.000000  13547.000000  -27051.000000  178.000000  9040.000000  -519.000000  15300.000000  10795.000000  2440587.194167
-26937.000000  3546.000000  31443.000000  -11835.000000  12779.000000  -17018.000000  16879.000000  -27122.000000  0.000000  13547.000000  -27051.000000  178.000000  -6849.000000  -11835.000000  12779.000000  -15680.000000  2440587.194167
-509.000000  -17564.000000  16097.000000  -23900.000000  10600.000000  -6093.000000  -5803.000000  19617.000000  -25948.000000  14398.000000  10787.000000  -6929.000000  23001.000000  -23900.000000  10600.000000  26203.000000  2440587.194167
-24452.000000  8847.000000  -32473.000000  -519.000000  15300.000000  -25611.000000  16879.000000  -27122.000000  0.000000  13547.000000  -27051.000000  178.000000  29170.000000  -519.000000  15300.000000  -10999.000000  2440587.194861
13582.000000  8847.000000  31443.000000  -11835.000000  12779.000000  -17018.000000  16879.000000  -27122.000000  0.000000  13547.000000  -27051.000000  178.000000  21755.000000  -11835.000000  12779.000000  30185.000000  2440587.194861
13582.000000  18571.000000  16097.000000  -23900.000000  10600.000000  -6093.000000  -5803.000000  19617.000000  -25948.000000  14398.000000  10787.000000  -6929.000000  -18568.000000  -23900.000000  10600.000000  -32322.000000  2440587.194861
2250.000000  9903.000000  19522.000000  -519.000000  15300.000000  -25611.000000  -28140.000000  19617.000000  -13650.000000  13547.000000  -27051.000000  178.000000  31429.000000  -519.000000  15300.000000  -5603.000000  2440587.195556
2250.000000  8847.000000  31050.000000  -11835.000000  12779.000000  -17018.000000  -28140.000000  19617.000000  -13650.000000  13547.000000  -27051.000000  178.000000  15377.000000  -11835.000000  12779.000000  -8043.000000  2440587.195556
-14475.000000  18571.000000  6628.000000  -23900.000000  10600.000000  -6093.000000  13758.000000  -23393.000000  0.000000  14398.000000  10787.000000  -6929.000000  9513.000000  -23900.000000  10600.000000  14984.000000  2440587.195556
3825.000000  29660.000000  -29144.000000  -519.000000  15300.000000  -25611.000000  -28140.000000  19617.000000  -13650.000000  13547.000000  -27051.000000  178.000000  1866.000000  -519.000000  15300.000000  -19304.000000  2440587.196250
2250.000000  29660.000000  -29144.000000  -11835.000000  12779.000000  -17018.000000  -28140.000000  19617.000000  -13650.000000  13547.000000  -27051.000000  178.000000  15377.000000  -11835.000000  12779.000000  -8043.000000  2440587.196250
-14475.000000  29660.000000  -11261.000000  -23900.000000  10600.000000  -6093.000000  13758.000000  -23393.000000  0.000000  14398.000000  10787.000000  -6929.000000  9513.000000  -23900.000000  10600.000000  14984.000000  2440587.196250
6900.000000  -10373.000000  19962.000000  -519.000000  15300.000000  -25611.000000  30122.000000  -7344.000000  -13650.000000  13547.000000  -27051.000000  178.000000  -20492.000000  -519.000000  15300.000000  20133.000000  2440587.196944
28030.000000  30945.000000  19962.000000  -11835.000000  12779.000000  -17018.000000  30122.000000  -7344.000000  -13650.000000  13547.000000  -27051.000000  178.000000  -88.000000  -11835.000000  12779.000000  16901.000000  2440587.196944
-15726.000000  29660.000000  -11261.000000  -23900.000000  10600.000000  -6093.000000  -30680.000000  -23393.000000  0.000000  14398.000000  10787.000000  -6929.000000  -20540.000000  -23900.000000  10600.000000  -16824.000000  2440587.196944
-11707.000000  -10373.000000  -31952.000000  -519.000000  15300.000000  -25611.000000  30122.000000  -7344.000000  -13650.000000  13547.000000  -27051.000000  178.000000  -25835.000000  -519.000000  15300.000000  11835.000000  2440587.197639
5014.000000  -10373.000000  19962.000000  -11835.000000  12779.000000  -17018.000000  30122.000000  -7344.000000  -13650.000000  13547.000000  -27051.000000  178.000000  21678.000000  -11835.000000  12779.000000  -17540.000000  2440587.197639
28030.000000  30945.000000  -11261.000000  -23900.000000  10600.000000  -6093.000000  -30680.000000  -23393.000000  0.000000  14398.000000  10787.000000  -6929.000000  -27267.000000  -23900.000000  10600.000000  9215.000000  2440587.197639
-4429.000000  15250.000000  -31952.000000  -519.000000  15300.000000  -25611.000000  -42.000000  -7344.000000  -2685.000000  13547.000000  -27051.000000  178.000000  16124.000000  -519.000000  15300.000000  17877.000000  2440587.198333
-4429.000000  15250.000000  -31952.000000  -11835.000000  12779.000000  -17018.000000  -42.000000  -7344.000000  -2685.000000  13547.000000  -27051.000000  178.000000  26892.000000  -11835.000000  12779.000000  15676.000000  2440587.198333
13174.000000  529.000000  25535.000000  -23900.000000  10600.000000  -6093.000000  -2581.000000  24690.000000  0.000000  14398.000000  10787.000000  -6929.000000  -11250.000000  -23900.000000  10600.000000  11701.000000  2440587.198333
23701.000000  16524.000000  9309.000000  -519.000000  15300.000000  -25611.000000  -42.000000  -7344.000000  -2685.000000  13547.000000  -27051.000000  178.000000  -1325.000000  -519.000000  15300.000000  -5058.000000  2440587.199028
-15774.000000  15250.000000  -31952.000000  -11835.000000  12779.000000  -17018.000000  -42.000000  -7344.000000  -2685.000000  13547.000000  -27051.000000  178.000000  -27350.000000  -11835.000000  12779.000000  -29631.000000  2440587.199028
32089.000000  -13335.000000  -31952.000000  -23900.000000  10600.000000  -6093.000000  -2581.000000  24690.000000  0.000000  14398.000000  10787.000000  -6929.000000  31600.000000  -23900.000000  10600.000000  -1392.000000  2440587.199028
-17382.000000  -10408.000000  -26066.000000  -519.000000  15300.000000  -25611.000000  -19684.000000  -23149.000000  -2685.000000  13547.000000  -27051.000000  178.000000  -31880.000000  -519.000000  15300.000000  27151.000000  2440587.199722
-5924.000000  28852.000000  -20566.000000  -11835.000000  12779.000000  -17018.000000  -19684.000000  -23149.000000  -2685.000000  13547.000000  -27051.000000  178.000000  31681.000000  -11835.000000  12779.000000  -27810.000000  2440587.199722
-17382.000000  28852.000000  -26957.000000  -23900.000000  10600.000000  -6093.000000  29881.000000  -18576.000000  0.000000  14398.000000  10787.000000  -6929.000000  -6119.000000  -23900.000000  10600.000000  -27892.000000  2440587.199722
-18243.000000  -10408.000000  19353.000000  -519.000000  15300.000000  -25611.000000  -19684.000000  -23149.000000  -2685.000000  13547.000000  -27051.000000  178.000000  -30237.000000  -519.000000  15300.000000  -5552.000000  2440587.200417
-18243.000000  -14738.000000  19353.000000  -11835.000000  12779.000000  -17018.000000  -19684.000000  -23149.000000  -2685.000000  13547.000000  -27051.000000  178.000000  -27529.000000  -11835.000000  12779.000000  -8762.000000  2440587.200417
-14291.000000  1933.000000  -15714.000000  -23900.000000  10600.000000  -6093.000000  29881.000000  -18576.000000  0.000000  14398.000000  10787.000000  -6929.000000  27139.000000  -23900.000000  10600.000000  -6024.000000  2440587.200417
-14291.000000  14673.000000  25572.000000  -519.000000  15300.000000  -25611.000000  8391.000000  -30359.000000  -19959.000000  13547.000000  -27051.000000  178.000000  -9772.000000  -519.000000  15300.000000  -1387.000000  2440587.201111
-14291.000000  29976.000000  25572.000000  -11835.000000  12779.000000  -17018.000000  8391.000000  -30359.000000  -19959.000000  13547.000000  -27051.000000  178.000000  -5311.000000  -11835.000000  12779.000000  -4622.000000  2440587.201111
-5428.000000  -14738.000000  -31410.000000  -23900.000000  10600.000000  -6093.000000  8391.000000  -801.000000  0.000000  14398.000000  10787.000000  -6929.000000  18346.000000  -23900.000000  10600.000000  23329.000000  2440587.201111
6235.000000  -135.000000  -32510.000000  -519.000000  15300.000000  -25611.000000  8391.000000  -30359.000000  -19959.000000  13547.000000  -27051.000000  178.000000  2370.000000  -519.000000  15300.000000  -1951.000000  2440587.201806
-15146.000000  -30152.000000  -26464.000000  -11835.000000  12779.000000  -17018.000000  8391.000000  -30359.000000  -19959.000000  13547.000000  -27051.000000  178.000000  32615.000000  -11835.000000  12779.000000  30594.000000  2440587.201806
-24165.000000  -30152.000000  31295.000000  -23900.000000  10600.000000  -6093.000000  8391.000000  -801.000000  0.000000  14398.000000  10787.000000  -6929.000000  8776.000000  -23900.000000  10600.000000  -6878.000000  2440587.201806
19718.000000  31382.000000  -23275.000000  -519.000000  15300.000000  -25611.000000  22431.000000  -27008.000000  -19959.000000  13547.000000  -27051.000000  178.000000  31032.000000  -519.000000  15300.000000  -13515.000000  2440587.202500
-20856.000000  -30152.000000  -23275.000000  -11835.000000  12779.000000  -17018.000000  22431.000000  -27008.000000  -19959.000000  13547.000000  -27051.000000  178.000000  27266.000000  -11835.000000  12779.000000  10816.000000  2440587.202500
-20856.000000  -30152.000000  29.000000  -23900.000000  10600.000000  -6093.000000  22431.000000  12661.000000  0.000000  14398.000000  10787.000000  -6929.000000  26321.000000  -23900.000000  10600.000000  -11529.000000  2440587.202500
-24337.000000  -13730.000000  7244.000000  -519.000000  15300.000000  -25611.000000  22431.000000  -27008.000000  -19959.000000  13547.000000  -27051.000000  178.000000  9300.000000  -519.000000  15300.000000  13905.000000  2440587.203194
-20856.000000  14188.000000  29.000000  -11835.000000  12779.000000  -17018.000000  22431.000000  -27008.000000  -19959.000000  13547.000000  -27051.000000  178.000000  27266.000000  -11835.000000  12779.000000  10816.000000  2440587.203194
7484.000000  -867.000000  29.000000  -23900.000000  10600.000000  -6093.000000  22431.000000  12661.000000  0.000000  14398.000000  10787.000000  -6929.000000  2344.000000  -23900.000000  10600.000000  -15946.000000  2440587.203194
-24978.000000  987.000000  17612.000000  -519.000000  15300.000000  -25611.000000  -21726.000000  -22262.000000  0.000000  13547.000000  -27051.000000  178.000000  17671.000000  -519.000000  15300.000000  -10894.000000  2440587.203889
7484.000000  24592.000000  22272.000000  -11835.000000  12779.000000  -17018.000000  -21726.000000  -22262.000000  0.000000  13547.000000  -27051.000000  178.000000  9192.000000  -11835.000000  12779.000000  27386.000000  2440587.203889
-15890.000000  -11766.000000  -29648.000000  -23900.000000  10600.000000  -6093.000000  29433.000000  -11727.000000  0.000000  14398.000000  10787.000000  -6929.000000  23554.000000  -23900.000000  10600.000000  -30885.000000  2440587.203889
23682.000000  24592.000000  -1263.000000  -519.000000  15300.000000  -25611.000000  -21726.000000  -22262.000000  0.000000  13547.000000  -27051.000000  178.000000  20950.000000  -519.000000  15300.000000  9103.000000  2440587.204583
20897.000000  -26009.000000  30504.000000  -11835.000000  12779.000000  -17018.000000  -21726.000000  -22262.000000  0.000000  13547.000000  -27051.000000  178.000000  -13923.000000  -11835.000000  12779.000000  -22169.000000  2440587.204583
-24337.000000  -7552.000000  30504.000000  -23900.000000  10600.000000  -6093.000000  29433.000000  -11727.000000  0.000000  14398.000000  10787.000000  -6929.000000  32741.000000  -23900.000000  10600.000000  -21265.000000  2440587.204583
-15009.000000  4228.000000  -1263.000000  -519.000000  15300.000000  -25611.000000  -8225.000000  -22262.000000  0.000000  13547.000000  -27051.000000  178.000000  -9319.000000  -519.000000  15300.000000  478.000000  2440587.205278
-13572.000000  24211.000000  -31822.000000  -11835.000000  12779.000000  -17018.000000  -8225.000000  -22262.000000  0.000000  13547.000000  -27051.000000  178.000000  -7691.000000  -11835.000000  12779.000000  -27098.000000  2440587.205278
-6292.000000  6208.000000  -20062.000000  -23900.000000  10600.000000  -6093.000000  -5319.000000  30356.000000  0.000000  14398.000000  10787.000000  -6929.000000  17658.000000  -23900.000000  10600.000000  -18113.000000  2440587.205278
20897.000000  -22986.000000  -21967.000000  -11835.000000  12779.000000  -17018.000000  -8225.000000  -22262.000000  0.000000  13547.000000  -27051.000000  178.000000  29113.000000  -11835.000000  12779.000000  20087.000000  2440587.205972
-27898.000000  -22986.000000  -21967.000000  -23900.000000  10600.000000  -6093.000000  -5319.000000  30356.000000  0.000000  14398.000000  10787.000000  -6929.000000  -5062.000000  -23900.000000  10600.000000  24250.000000  2440587.205972
-13746.000000  -22986.000000  32163.000000  -11835.000000  12779.000000  -17018.000000  -32676.000000  19782.000000  0.000000  13547.000000  -27051.000000  178.000000  -384.000000  -11835.000000  12779.000000  -9615.000000  2440587.206667
29950.000000  -22986.000000  -19060.000000  -23900.000000  10600.000000  -6093.000000  9758.000000  17057.000000  0.000000  14398.000000  10787.000000  -6929.000000  -32564.000000  -23900.000000  10600.000000  -28250.000000  2440587.206667
27544.000000  -22986.000000  -25282.000000  -11835.000000  12779.000000  -17018.000000  -32676.000000  19782.000000  0.000000  13547.000000  -27051.000000  178.000000  -26932.000000  -11835.000000  12779.000000  -14338.000000  2440587.207361
27544.000000  -23760.000000  -25282.000000  -23900.000000  10600.000000  -6093.000000  9758.000000  17057.000000  0.000000  14398.000000  10787.000000  -6929.000000  -22063.000000  -23900.000000  10600.000000  -28705.000000  2440587.207361
11160.000000  30096.000000  -25282.000000  -11835.000000  12779.000000  -17018.000000  -32676.000000  -13714.000000  -27563.000000  13547.000000  -27051.000000  178.000000  -26618.000000  -11835.000000  12779.000000  -19257.000000  2440587.208056
30708.000000  -32435.000000  -742.000000  -23900.000000  10600.000000  -6093.000000  11205.000000  29065.000000  0.000000  14398.000000  10787.000000  -6929.000000  -9511.000000  -23900.000000  10600.000000  -17082.000000  2440587.208056
11160.000000  5202.000000  -20268.000000  -11835.000000  12779.000000  -17018.000000  -32676.000000  -13714.000000  -27563.000000  13547.000000  -27051.000000  178.000000  -26618.000000  -11835.000000  12779.000000  -19257.000000  2440587.208750
-9970.000000  -13423.000000  26239.000000  -23900.000000  10600.000000  -6093.000000  11205.000000  29065.000000  0.000000  14398.000000  10787.000000  -6929.000000  -6332.000000  -23900.000000  10600.000000  -16288.000000  2440587.208750
-24915.000000  -6529.000000  27987.000000  -11835.000000  12779.000000  -17018.000000  -23620.000000  -13714.000000  -27563.000000  13547.000000  -27051.000000  178.000000  14690.000000  -11835.000000  12779.000000  -2530.000000  2440587.209444
-9970.000000  19116.000000  27987.000000  -23900.000000  10600.000000  -6093.000000  29747.000000  27250.000000  0.000000  14398.000000  10787.000000  -6929.000000  -22691.000000  -23900.000000  10600.000000  -11772.000000  2440587.209444
12451.000000  -6560.000000  8159.000000  28837.000000  8775.000000  6968.000000  -1155.000000  -2475.000000  0.000000  -7982.000000  -13601.000000  -11354.000000  -5049.000000  28837.000000  8775.000000  24787.000000  2440587.209444
-14663.000000  -6529.000000  -12099.000000  -11835.000000  12779.000000  -17018.000000  -23620.000000  -13714.000000  -27563.000000  13547.000000  -27051.000000  178.000000  11766.000000  -11835.000000  12779.000000  -12386.000000  2440587.210139
5772.000000  -6529.000000  -12099.000000  -23900.000000  10600.000000  -6093.000000  29747.000000  27250.000000  0.000000  14398.000000  10787.000000  -6929.000000  26853.000000  -23900.000000  10600.000000  -32273.000000  2440587.210139
21386.000000  19116.000000  892.000000  28837.000000  8775.000000  6968.000000  -1155.000000  -2475.000000  0.000000  -7982.000000  -13601.000000  -11354.000000  -4801.000000  28837.000000  8775.000000  10851.000000  2440587.210139
-11054.000000  -28812.000000  3191.000000  -11835.000000  12779.000000  -17018.000000  -23620.000000  -17622.000000  0.000000  13547.000000  -27051.000000  178.000000  -19605.000000  -11835.000000  12779.000000  -17046.000000  2440587.210833
712.000000  -6529.000000  892.000000  -23900.000000  10600.000000  -6093.000000  20734.000000  -31277.000000  0.000000  14398.000000  10787.000000  -6929.000000  -28942.000000  -23900.000000  10600.000000  28118.000000  2440587.210833
-16205.000000  6526.000000  892.000000  28837.000000  8775.000000  6968.000000  -27583.000000  26324.000000  0.000000  -7982.000000  -13601.000000  -11354.000000  27756.000000  28837.000000  8775.000000  32203.000000  2440587.210833
-4657.000000  30443.000000  -29507.000000  -11835.000000  12779.000000  -17018.000000  -23620.000000  -17622.000000  0.000000  13547.000000  -27051.000000  178.000000  18077.000000  -11835.000000  12779.000000  -21701.000000  2440587.211528
712.000000  -7733.000000  3191.000000  -23900.000000  10600.000000  -6093.000000  20734.000000  -31277.000000  0.000000  14398.000000  10787.000000  -6929.000000  -28942.000000  -23900.000000  10600.000000  28118.000000  2440587.211528
14201.000000  -3117.000000  892.000000  28837.000000  8775.000000  6968.000000  -27583.000000  26324.000000  0.000000  -7982.000000  -13601.000000  -11354.000000  24282.000000  28837.000000  8775.000000  -27689.000000  2440587.211528
9143.000000  -30829.000000  6914.000000  -11835.000000  12779.000000  -17018.000000  26563.000000  12703.000000  0.000000  13547.000000  -27051.000000  178.000000  -19601.000000  -11835.000000  12779.000000  4202.000000  2440587.212222
9143.000000  -30829.000000  6914.000000  -23900.000000  10600.000000  -6093.000000  16138.000000  -1251.000000  0.000000  14398.000000  10787.000000  -6929.000000  -24367.000000  -23900.000000  10600.000000  -6223.000000  2440587.212222
25701.000000  -16381.000000  6914.000000  28837.000000  8775.000000  6968.000000  16138.000000  12703.000000  0.000000  -7982.000000  -13601.000000  -11354.000000  -17916.000000  28837.000000  8775.000000  5573.000000  2440587.212222
20615.000000  -22360.000000  15690.000000  6871.000000  3429.000000  23425.000000  9012.000000  -20934.000000  0.000000  -16880.000000  -12120.000000  2652.000000  26372.000000  6871.000000  3429.000000  22606.000000  2440587.228889
16741.000000  15622.000000  15690.000000  6871.000000  3429.000000  23425.000000  9012.000000  -20934.000000  0.000000  -16880.000000  -12120.000000  2652.000000  -7490.000000  6871.000000  3429.000000  -20778.000000  2440587.229583
5881.000000  18607.000000  -20529.000000  13289.000000  7269.000000  10389.000000  32609.000000  16367.000000  8841.000000  -16880.000000  -12120.000000  2652.000000  -32288.000000  13289.000000  7269.000000  -18087.000000  2440587.230972
16741.000000  -7106.000000  4268.000000  6871.000000  3429.000000  23425.000000  32609.000000  16367.000000  8841.000000  -16880.000000  -12120.000000  2652.000000  9749.000000  6871.000000  3429.000000  -27771.000000  2440587.230972
24986.000000  18607.000000  -20529.000000  13289.000000  7269.000000  10389.000000  -8801.000000  16367.000000  0.000000  -16880.000000  -12120.000000  2652.000000  7441.000000  13289.000000  7269.000000  -9279.000000  2440587.231667
24986.000000  -8499.000000  -30210.000000  6871.000000  3429.000000  23425.000000  -8801.000000  16367.000000  0.000000  -16880.000000  -12120.000000  2652.000000  27192.000000  6871.000000  3429.000000  -8701.000000  2440587.231667
-4541.000000  -22209.000000  20371.000000  13289.000000  7269.000000  10389.000000  -8801.000000  16367.000000  0.000000  -16880.000000  -12120.000000  2652.000000  29622.000000  13289.000000  7269.000000  26173.000000  2440587.232361
-23275.000000  -13816.000000  20371.000000  6871.000000  3429.000000  23425.000000  -8801.000000  16367.000000  0.000000  -16880.000000  -12120.000000  2652.000000  32142.000000  6871.000000  3429.000000  7922.000000  2440587.232361
3720.000000  -428.000000  -25995.000000  13289.000000  7269.000000  10389.000000  19712.000000  16367.000000  0.000000  -16880.000000  -12120.000000  2652.000000  5035.000000  13289.000000  7269.000000  -12544.000000  2440587.233056
16324.000000  -8499.000000  -8026.000000  6871.000000  3429.000000  23425.000000  19712.000000  16367.000000  0.000000  -16880.000000  -12120.000000  2652.000000  -30761.000000  6871.000000  3429.000000  -11505.000000  2440587.233056
3720.000000  4585.000000  -2763.000000  13289.000000  7269.000000  10389.000000  19712.000000  16367.000000  0.000000  -16880.000000  -12120.000000  2652.000000  5035.000000  13289.000000  7269.000000  -12544.000000  2440587.233750
16324.000000  4585.000000  -2763.000000  6871.000000  3429.000000  23425.000000  19712.000000  16367.000000  0.000000  -16880.000000  -12120.000000  2652.000000  -30761.000000  6871.000000  3429.000000  -11505.000000  2440587.233750
-6969.000000  -12303.000000  21801.000000  13289.000000  7269.000000  10389.000000  -8135.000000  29575.000000  0.000000  -16880.000000  -12120.000000  2652.000000  -32357.000000  13289.000000  7269.000000  2027.000000  2440587.234444
19590.000000  -12303.000000  32469.000000  6871.000000  3429.000000  23425.000000  -8135.000000  29575.000000  0.000000  -16880.000000  -12120.000000  2652.000000  14826.000000  6871.000000  3429.000000  -19664.000000  2440587.234444
-21641.000000  4197.000000  -23833.000000  13289.000000  7269.000000  10389.000000  -8135.000000  29575.000000  0.000000  -16880.000000  -12120.000000  2652.000000  12901.000000  13289.000000  7269.000000  -15577.000000  2440587.235139
-21641.000000  4197.000000  -29531.000000  6871.000000  3429.000000  23425.000000  -8135.000000  29575.000000  0.000000  -16880.000000  -12120.000000  2652.000000  17768.000000  6871.000000  3429.000000  -15239.000000  2440587.235139
-10082.000000  22370.000000  -23833.000000  13289.000000  7269.000000  10389.000000  28667.000000  29575.000000  0.000000  -16880.000000  -12120.000000  2652.000000  8840.000000  13289.000000  7269.000000  -295.000000  2440587.235833
-25979.000000  4197.000000  -29531.000000  6871.000000  3429.000000  23425.000000  28667.000000  29575.000000  0.000000  -16880.000000  -12120.000000  2652.000000  1908.000000  6871.000000  3429.000000  25069.000000  2440587.235833
-31292.000000  -16283.000000  -20535.000000  13289.000000  7269.000000  10389.000000  28667.000000  29575.000000  0.000000  -16880.000000  -12120.000000  2652.000000  7969.000000  13289.000000  7269.000000  -22145.000000  2440587.236528
-31292.000000  -16283.000000  25611.000000  6871.000000  3429.000000  23425.000000  28667.000000  29575.000000  0.000000  -16880.000000  -12120.000000  2652.000000  21818.000000  6871.000000  3429.000000  -21563.000000  2440587.236528
-13683.000000  -16283.000000  -8544.000000  13289.000000  7269.000000  10389.000000  -17551.000000  -31562.000000  11204.000000  -26612.000000  -10870.000000  18605.000000  12324.000000  13289.000000  7269.000000  -14931.000000  2440587.237222
-31292.000000  -16283.000000  -2260.000000  6871.000000  3429.000000  23425.000000  -14714.000000  19467.000000  0.000000  -16880.000000  -12120.000000  2652.000000  -20225.000000  6871.000000  3429.000000  -10191.000000  2440587.237222
25036.000000  15652.000000  -8544.000000  13289.000000  7269.000000  10389.000000  -17551.000000  -31562.000000  11204.000000  -26612.000000  -10870.000000  18605.000000  25122.000000  13289.000000  7269.000000  32590.000000  2440587.237917
25036.000000  29649.000000  -2260.000000  6871.000000  3429.000000  23425.000000  -14714.000000  19467.000000  0.000000  -16880.000000  -12120.000000  2652.000000  -25743.000000  6871.000000  3429.000000  31216.000000  2440587.237917
-18682.000000  -28503.000000  -27569.000000  13289.000000  7269.000000  10389.000000  23422.000000  -31562.000000  0.000000  -26612.000000  -10870.000000  18605.000000  -1578.000000  13289.000000  7269.000000  28967.000000  2440587.238611
25036.000000  -28503.000000  3055.000000  6871.000000  3429.000000  23425.000000  23422.000000  -24999.000000  0.000000  -16880.000000  -12120.000000  2652.000000  -23483.000000  6871.000000  3429.000000  32506.000000  2440587.238611
20191.000000  -12813.000000  -27569.000000  13289.000000  7269.000000  10389.000000  23422.000000  -31562.000000  0.000000  -26612.000000  -10870.000000  18605.000000  -7346.000000  13289.000000  7269.000000  16223.000000  2440587.239306
20191.000000  -12813.000000  -7903.000000  6871.000000  3429.000000  23425.000000  23422.000000  -24999.000000  0.000000  -16880.000000  -12120.000000  2652.000000  -8211.000000  6871.000000  3429.000000  6023.000000  2440587.239306
20191.000000  -12813.000000  -17858.000000  13289.000000  7269.000000  10389.000000  -13600.000000  -17133.000000  0.000000  -16880.000000  -12120.000000  2652.000000  -13573.000000  13289.000000  7269.000000  28506.000000  2440587.240000
-18682.000000  -12813.000000  -7903.000000  6871.000000  3429.000000  23425.000000  -13600.000000  -17133.000000  0.000000  -16880.000000  -12120.000000  2652.000000  -23886.000000  6871.000000  3429.000000  3211.000000  2440587.240000
-4541.000000  -29773.000000  -7903.000000  6871.000000  3429.000000  23425.000000  -13600.000000  -17133.000000  0.000000  -16880.000000  -12120.000000  2652.000000  -21913.000000  6871.000000  3429.000000  -9483.000000  2440587.240694
21464.000000  3431.000000  29330.000000  13289.000000  7269.000000  10389.000000  -20887.000000  7426.000000  29448.000000  -26612.000000  -10870.000000  18605.000000  5099.000000  13289.000000  7269.000000  13238.000000  2440587.242778
-20104.000000  -2351.000000  10371.000000  19022.000000  11508.000000  -683.000000  -29071.000000  -23664.000000  -19356.000000  -14931.000000  10288.000000  19142.000000  -13299.000000  19022.000000  11508.000000  -18298.000000  2440587.243472
-10325.000000  -2351.000000  9037.000000  13289.000000  7269.000000  10389.000000  -20887.000000  7426.000000  29448.000000  -26612.000000  -10870.000000  18605.000000  13517.000000  13289.000000  7269.000000  4803.000000  2440587.243472
17961.000000  -2351.000000  29630.000000  6871.000000  3429.000000  23425.000000  8705.000000  7426.000000  6118.000000  -16880.000000  -12120.000000  2652.000000  25293.000000  6871.000000  3429.000000  -29309.000000  2440587.243472
-20104.000000  2648.000000  953.000000  19022.000000  11508.000000  -683.000000  -28952.000000  9103.000000  8477.000000  -14931.000000  10288.000000  19142.000000  12297.000000  19022.000000  11508.000000  -31065.000000  2440587.244167
-20104.000000  -2351.000000  10371.000000  13289.000000  7269.000000  10389.000000  22755.000000  -21290.000000  8477.000000  -26612.000000  -10870.000000  18605.000000  -21563.000000  13289.000000  7269.000000  11264.000000  2440587.244167
2660.000000  30292.000000  19969.000000  6871.000000  3429.000000  23425.000000  -10177.000000  2728.000000  -21895.000000  -16880.000000  -12120.000000  2652.000000  -5172.000000  6871.000000  3429.000000  -28495.000000  2440587.244167
-15004.000000  -2351.000000  -21933.000000  19022.000000  11508.000000  -683.000000  -28952.000000  9103.000000  8477.000000  -14931.000000  10288.000000  19142.000000  -24265.000000  19022.000000  11508.000000  -24353.000000  2440587.244861
19878.000000  -2351.000000  19969.000000  13289.000000  7269.000000  10389.000000  22755.000000  -21290.000000  8477.000000  -26612.000000  -10870.000000  18605.000000  9724.000000  13289.000000  7269.000000  21899.000000  2440587.244861
2660.000000  30292.000000  21069.000000  6871.000000  3429.000000  23425.000000  -10177.000000  2728.000000  -21895.000000  -16880.000000  -12120.000000  2652.000000  -5172.000000  6871.000000  3429.000000  -28495.000000  2440587.244861
1427.000000  -921.000000  10706.000000  6871.000000  3429.000000  23425.000000  -31092.000000  2728.000000  0.000000  -16880.000000  -12120.000000  2652.000000  30145.000000  6871.000000  3429.000000  30221.000000  2440587.246944
-19013.000000  -921.000000  5778.000000  6871.000000  3429.000000  23425.000000  -31092.000000  2728.000000  0.000000  -16880.000000  -12120.000000  2652.000000  3003.000000  6871.000000  3429.000000  -14570.000000  2440587.247639
-29816.000000  29423.000000  28843.000000  -23357.000000  1576.000000  3293.000000  -2694.000000  15487.000000  -24856.000000  28395.000000  -9880.000000  -29215.000000  9527.000000  -23357.000000  1576.000000  31758.000000  2440587.248333
-7229.000000  -3892.000000  -1457.000000  6871.000000  3429.000000  23425.000000  -6822.000000  15487.000000  0.000000  -16880.000000  -12120.000000  2652.000000  26840.000000  6871.000000  3429.000000  -24929.000000  2440587.248333
-29816.000000  -31769.000000  -30816.000000  -23357.000000  1576.000000  3293.000000  -2694.000000  15487.000000  -24856.000000  28395.000000  -9880.000000  -29215.000000  9527.000000  -23357.000000  1576.000000  31758.000000  2440587.249028
21.000000  20614.000000  28843.000000  -22960.000000  -5134.000000  13727.000000  -2694.000000  15487.000000  -24856.000000  28395.000000  -9880.000000  -29215.000000  31394.000000  -22960.000000  -5134.000000  -22900.000000  2440587.249028
21.000000  -29458.000000  -772.000000  -23357.000000  1576.000000  3293.000000  -2694.000000  -5757.000000  24051.000000  28395.000000  -9880.000000  -29215.000000  -13848.000000  -23357.000000  1576.000000  -20634.000000  2440587.249722
21.000000  -31769.000000  -11287.000000  -22960.000000  -5134.000000  13727.000000  -2694.000000  -5757.000000  24051.000000  28395.000000  -9880.000000  -29215.000000  31394.000000  -22960.000000  -5134.000000  -22900.000000  2440587.249722
-10534.000000  -29458.000000  -772.000000  -23357.000000  1576.000000  3293.000000  -2694.000000  -5757.000000  24051.000000  28395.000000  -9880.000000  -29215.000000  -28976.000000  -23357.000000  1576.000000  -9802.000000  2440587.250417
21.000000  20614.000000  -10861.000000  -22960.000000  -5134.000000  13727.000000  -2694.000000  -5757.000000  24051.000000  28395.000000  -9880.000000  -29215.000000  31394.000000  -22960.000000  -5134.000000  -22900.000000  2440587.250417
631.000000  -27971.000000  -24268.000000  13289.000000  7269.000000  10389.000000  -24628.000000  15487.000000  24051.000000  -26612.000000  -10870.000000  18605.000000  -12455.000000  13289.000000  7269.000000  990.000000  2440587.250417
-10534.000000  -2883.000000  -24268.000000  -23357.000000  1576.000000  3293.000000  20987.000000  -5757.000000  -24678.000000  28395.000000  -9880.000000  -29215.000000  -13388.000000  -23357.000000  1576.000000  21205.000000  2440587.251111
21644.000000  -895.000000  -5351.000000  -22960.000000  -5134.000000  13727.000000  20987.000000  -5757.000000  -24678.000000  28395.000000  -9880.000000  -29215.000000  6613.000000  -22960.000000  -5134.000000  5856.000000  2440587.251111
631.000000  29486.000000  2110.000000  13289.000000  7269.000000  10389.000000  -4993.000000  -16836.000000  -24678.000000  -26612.000000  -10870.000000  18605.000000  697.000000  13289.000000  7269.000000  -244.000000  2440587.251111
-15464.000000  3309.000000  -5185.000000  -23357.000000  1576.000000  3293.000000  20987.000000  -5757.000000  -24678.000000  28395.000000  -9880.000000  -29215.000000  14308.000000  -23357.000000  1576.000000  -13400.000000  2440587.251806
-15464.000000  -3395.000000  -12527.000000  -22960.000000  -5134.000000  13727.000000  20987.000000  -5757.000000  -24678.000000  28395.000000  -9880.000000  -29215.000000  -8434.000000  -22960.000000  -5134.000000  -15096.000000  2440587.251806
13670.000000  20358.000000  2110.000000  19022.000000  11508.000000  -683.000000  -8389.000000  -29667.000000  -10588.000000  -14931.000000  10288.000000  19142.000000  30808.000000  19022.000000  11508.000000  5345.000000  2440587.251806
13670.000000  -5264.000000  12662.000000  13289.000000  7269.000000  10389.000000  -4993.000000  -16836.000000  -24678.000000  -26612.000000  -10870.000000  18605.000000  6435.000000  13289.000000  7269.000000  24562.000000  2440587.251806
-3018.000000  2865.000000  -12527.000000  -23357.000000  1576.000000  3293.000000  -27653.000000  -20808.000000  -27088.000000  28395.000000  -9880.000000  -29215.000000  26115.000000  -23357.000000  1576.000000  13069.000000  2440587.252500
-15464.000000  -31709.000000  -12527.000000  -22960.000000  -5134.000000  13727.000000  -27653.000000  -20808.000000  -27088.000000  28395.000000  -9880.000000  -29215.000000  -13957.000000  -22960.000000  -5134.000000  12243.000000  2440587.252500
-3018.000000  -3395.000000  2110.000000  19022.000000  11508.000000  -683.000000  28044.000000  -19582.000000  1736.000000  -14931.000000  10288.000000  19142.000000  -31828.000000  19022.000000  11508.000000  14586.000000  2440587.252500
-25363.000000  -3395.000000  1020.000000  13289.000000  7269.000000  10389.000000  3144.000000  -16836.000000  -24678.000000  -26612.000000  -10870.000000  18605.000000  14513.000000  13289.000000  7269.000000  -18429.000000  2440587.252500
-8765.000000  22043.000000  10513.000000  6871.000000  3429.000000  23425.000000  -11559.000000  -16582.000000  12140.000000  -16880.000000  -12120.000000  2652.000000  -2559.000000  6871.000000  3429.000000  25152.000000  2440587.252500
-26834.000000  -21157.000000  -21460.000000  -23357.000000  1576.000000  3293.000000  -27653.000000  -20808.000000  -27088.000000  28395.000000  -9880.000000  -29215.000000  -18123.000000  -23357.000000  1576.000000  25545.000000  2440587.253194
-26834.000000  -9008.000000  -21460.000000  -22960.000000  -5134.000000  13727.000000  -27653.000000  -20808.000000  -27088.000000  28395.000000  -9880.000000  -29215.000000  19701.000000  -22960.000000  -5134.000000  24241.000000  2440587.253194
-26834.000000  -3395.000000  1020.000000  19022.000000  11508.000000  -683.000000  28044.000000  -19582.000000  1736.000000  -14931.000000  10288.000000  19142.000000  26061.000000  19022.000000  11508.000000  23979.000000  2440587.253194
-26834.000000  2865.000000  7049.000000  13289.000000  7269.000000  10389.000000  3144.000000  -16836.000000  -24678.000000  -26612.000000  -10870.000000  18605.000000  91.000000  13289.000000  7269.000000  -14012.000000  2440587.253194
-26834.000000  22043.000000  1020.000000  6871.000000  3429.000000  23425.000000  -11559.000000  -16582.000000  12140.000000  -16880.000000  -12120.000000  2652.000000  28825.000000  6871.000000  3429.000000  15354.000000  2440587.253194
-2962.000000  22166.000000  -26279.000000  -23357.000000  1576.000000  3293.000000  -2800.000000  -20808.000000  -27088.000000  28395.000000  -9880.000000  -29215.000000  -29461.000000  -23357.000000  1576.000000  23824.000000  2440587.253889
7832.000000  22166.000000  -26279.000000  -22960.000000  -5134.000000  13727.000000  -2800.000000  -20808.000000  -27088.000000  28395.000000  -9880.000000  -29215.000000  13711.000000  -22960.000000  -5134.000000  22407.000000  2440587.253889
26498.000000  22166.000000  -19242.000000  -23357.000000  1576.000000  3293.000000  -2800.000000  -20808.000000  -27088.000000  28395.000000  -9880.000000  -29215.000000  -31749.000000  -23357.000000  1576.000000  -23445.000000  2440587.254583
23843.000000  22166.000000  -21460.000000  -22960.000000  -5134.000000  13727.000000  -2800.000000  -20808.000000  -27088.000000  28395.000000  -9880.000000  -29215.000000  1060.000000  -22960.000000  -5134.000000  -14869.000000  2440587.254583
25210.000000  -27651.000000  -19242.000000  13289.000000  7269.000000  10389.000000  4784.000000  -18466.000000  -27088.000000  -26612.000000  -10870.000000  18605.000000  17689.000000  13289.000000  7269.000000  -22335.000000  2440587.254583
-11845.000000  10904.000000  7589.000000  6871.000000  3429.000000  23425.000000  -2833.000000  -16582.000000  28453.000000  -16880.000000  -12120.000000  2652.000000  29056.000000  6871.000000  3429.000000  19723.000000  2440587.254583
-23979.000000  -26660.000000  -19242.000000  -23357.000000  1576.000000  3293.000000  14418.000000  -20808.000000  5904.000000  28395.000000  -9880.000000  -29215.000000  7720.000000  -23357.000000  1576.000000  27048.000000  2440587.255278
-23979.000000  -27651.000000  -19242.000000  -22960.000000  -5134.000000  13727.000000  14418.000000  -20808.000000  5904.000000  28395.000000  -9880.000000  -29215.000000  -29176.000000  -22960.000000  -5134.000000  26237.000000  2440587.255278
26498.000000  2734.000000  30409.000000  19022.000000  11508.000000  -683.000000  4784.000000  -13554.000000  32543.000000  -14931.000000  10288.000000  19142.000000  19943.000000  19022.000000  11508.000000  -14990.000000  2440587.255278
22271.000000  -26660.000000  -4593.000000  13289.000000  7269.000000  10389.000000  4784.000000  -31757.000000  -27088.000000  -26612.000000  -10870.000000  18605.000000  -27236.000000  13289.000000  7269.000000  28595.000000  2440587.255278
25210.000000  -23332.000000  -4593.000000  6871.000000  3429.000000  23425.000000  -21023.000000  -13109.000000  -12164.000000  -16880.000000  -12120.000000  2652.000000  -10268.000000  6871.000000  3429.000000  28849.000000  2440587.255278
26498.000000  -8600.000000  -19242.000000  -23357.000000  1576.000000  3293.000000  14418.000000  -20808.000000  5904.000000  28395.000000  -9880.000000  -29215.000000  -22338.000000  -23357.000000  1576.000000  -31901.000000  2440587.255972
26498.000000  -26660.000000  -4593.000000  -22960.000000  -5134.000000  13727.000000  14418.000000  -20808.000000  5904.000000  28395.000000  -9880.000000  -29215.000000  5805.000000  -22960.000000  -5134.000000  -32735.000000  2440587.255972
32380.000000  -21061.000000  -11801.000000  19022.000000  11508.000000  -683.000000  4784.000000  -13554.000000  32543.000000  -14931.000000  10288.000000  19142.000000  22739.000000  19022.000000  11508.000000  4670.000000  2440587.255972
13206.000000  -26660.000000  -1591.000000  13289.000000  7269.000000  10389.000000  4784.000000  -31757.000000  -27088.000000  -26612.000000  -10870.000000  18605.000000  -24905.000000  13289.000000  7269.000000  26897.000000  2440587.255972
22271.000000  -30398.000000  -27764.000000  6871.000000  3429.000000  23425.000000  -21023.000000  -13109.000000  -12164.000000  -16880.000000  -12120.000000  2652.000000  19693.000000  6871.000000  3429.000000  26004.000000  2440587.255972
25210.000000  26728.000000  -16897.000000  -222.000000  1.000000  -27233.000000  6055.000000  6905.000000  0.000000  1831.000000  22953.000000  -22863.000000  25864.000000  -222.000000  1.000000  30644.000000  2440587.255972
19120.000000  -30398.000000  -27764.000000  -23197.000000  -11407.000000  25950.000000  15076.000000  -17332.000000  -12164.000000  23017.000000  -26719.000000  10601.000000  7933.000000  -23197.000000  -11407.000000  -1354.000000  2440587.256667
13206.000000  -8600.000000  -28026.000000  13289.000000  7269.000000  10389.000000  -22953.000000  30888.000000  10629.000000  -26612.000000  -10870.000000  18605.000000  -15200.000000  13289.000000  7269.000000  -16335.000000  2440587.256667
25846.000000  -30398.000000  -12742.000000  6871.000000  3429.000000  23425.000000  -10517.000000  6905.000000  0.000000  27508.000000  -29831.000000  -6561.000000  20153.000000  6871.000000  3429.000000  -130.000000  2440587.256667
19120.000000  24082.000000  -16897.000000  -222.000000  1.000000  -27233.000000  -10517.000000  6905.000000  0.000000  27508.000000  -29831.000000  -6561.000000  -8703.000000  -222.000000  1.000000  1078.000000  2440587.256667
19156.000000  -23332.000000  -16897.000000  -7981.000000  -3006.000000  -10616.000000  -10517.000000  6905.000000  0.000000  1831.000000  22953.000000  -22863.000000  -6591.000000  -7981.000000  -3006.000000  28276.000000  2440587.256667
-9172.000000  766.000000  -648.000000  -23197.000000  -11407.000000  25950.000000  15076.000000  -17332.000000  -12164.000000  23017.000000  -26719.000000  10601.000000  -4662.000000  -23197.000000  -11407.000000  -10518.000000  2440587.257361
25846.000000  22292.000000  -12742.000000  13289.000000  7269.000000  10389.000000  -22953.000000  30888.000000  10629.000000  -26612.000000  -10870.000000  18605.000000  -826.000000  13289.000000  7269.000000  -26900.000000  2440587.257361
19021.000000  -30398.000000  -27764.000000  6871.000000  3429.000000  23425.000000  -10517.000000  6905.000000  0.000000  27508.000000  -29831.000000  -6561.000000  -9825.000000  6871.000000  3429.000000  -2719.000000  2440587.257361
19021.000000  -28001.000000  5382.000000  -222.000000  1.000000  -27233.000000  -10517.000000  6905.000000  0.000000  27508.000000  -29831.000000  -6561.000000  13471.000000  -222.000000  1.000000  -2878.000000  2440587.257361
30964.000000  24082.000000  -11905.000000  -7981.000000  -3006.000000  -10616.000000  -10517.000000  6905.000000  0.000000  1831.000000  22953.000000  -22863.000000  -17187.000000  -7981.000000  -3006.000000  19711.000000  2440587.257361
6596.000000  -14294.000000  -24636.000000  -23197.000000  -11407.000000  25950.000000  -14187.000000  10438.000000  -13008.000000  23017.000000  -26719.000000  10601.000000  5429.000000  -23197.000000  -11407.000000  16581.000000  2440587.258056
-20547.000000  8604.000000  -25659.000000  6871.000000  3429.000000  23425.000000  -14187.000000  11972.000000  0.000000  27508.000000  -29831.000000  -6561.000000  -20346.000000  6871.000000  3429.000000  5432.000000  2440587.258056
-20547.000000  3263.000000  -19487.000000  -222.000000  1.000000  -27233.000000  -14187.000000  11972.000000  0.000000  27508.000000  -29831.000000  -6561.000000  3464.000000  -222.000000  1.000000  5251.000000  2440587.258056
-19775.000000  32278.000000  -19487.000000  -7981.000000  -3006.000000  -10616.000000  -10517.000000  6779.000000  0.000000  1831.000000  22953.000000  -22863.000000  -1415.000000  -7981.000000  -3006.000000  19643.000000  2440587.258056
13206.000000  -14294.000000  24288.000000  -23197.000000  -11407.000000  25950.000000  -14187.000000  10438.000000  -13008.000000  23017.000000  -26719.000000  10601.000000  29362.000000  -23197.000000  -11407.000000  25386.000000  2440587.258750
-23078.000000  8604.000000  11483.000000  6871.000000  3429.000000  23425.000000  -14187.000000  11972.000000  0.000000  27508.000000  -29831.000000  -6561.000000  -3286.000000  6871.000000  3429.000000  14888.000000  2440587.258750
-23078.000000  3263.000000  -25928.000000  -222.000000  1.000000  -27233.000000  -14187.000000  11972.000000  0.000000  27508.000000  -29831.000000  -6561.000000  -26310.000000  -222.000000  1.000000  14681.000000  2440587.258750
200.000000  22507.000000  -25928.000000  -7981.000000  -3006.000000  -10616.000000  -10517.000000  6779.000000  0.000000  1831.000000  22953.000000  -22863.000000  -26794.000000  -7981.000000  -3006.000000  28386.000000  2440587.258750
32481.000000  22507.000000  -9578.000000  -23197.000000  -11407.000000  25950.000000  -3902.000000  1968.000000  -13008.000000  23017.000000  -26719.000000  10601.000000  7881.000000  -23197.000000  -11407.000000  18821.000000  2440587.259444
468.000000  10311.000000  23757.000000  -24057.000000  -17230.000000  -25661.000000  27872.000000  6779.000000  0.000000  2428.000000  28200.000000  -4983.000000  -14389.000000  -24057.000000  -17230.000000  1780.000000  2440587.259444
-17190.000000  21600.000000  23757.000000  -25531.000000  -22590.000000  -10105.000000  27872.000000  6779.000000  0.000000  2428.000000  28200.000000  -4983.000000  -7838.000000  -25531.000000  -22590.000000  -29895.000000  2440587.259444
-20216.000000  22507.000000  -10930.000000  6871.000000  3429.000000  23425.000000  -14200.000000  -7042.000000  0.000000  27508.000000  -29831.000000  -6561.000000  16082.000000  6871.000000  3429.000000  -3492.000000  2440587.259444
-20216.000000  24740.000000  -25928.000000  -222.000000  1.000000  -27233.000000  -14200.000000  -7042.000000  0.000000  27508.000000  -29831.000000  -6561.000000  -14519.000000  -222.000000  1.000000  12903.000000  2440587.259444
-21106.000000  10311.000000  -25928.000000  -7981.000000  -3006.000000  -10616.000000  14433.000000  6779.000000  0.000000  1831.000000  22953.000000  -22863.000000  -828.000000  -7981.000000  -3006.000000  -2949.000000  2440587.259444
26264.000000  -2850.000000  26178.000000  -23197.000000  -11407.000000  25950.000000  -3902.000000  1968.000000  -13008.000000  23017.000000  -26719.000000  10601.000000  6686.000000  -23197.000000  -11407.000000  30403.000000  2440587.260139
-5301.000000  -21577.000000  -15548.000000  -24057.000000  -17230.000000  -25661.000000  27872.000000  6779.000000  0.000000  2428.000000  28200.000000  -4983.000000  -20039.000000  -24057.000000  -17230.000000  2978.000000  2440587.260139
6968.000000  30495.000000  -15548.000000  -25531.000000  -22590.000000  -10105.000000  27872.000000  6779.000000  0.000000  2428.000000  28200.000000  -4983.000000  -21872.000000  -25531.000000  -22590.000000  -21598.000000  2440587.260139
26264.000000  -2850.000000  6694.000000  6871.000000  3429.000000  23425.000000  -14200.000000  -7042.000000  0.000000  27508.000000  -29831.000000  -6561.000000  31079.000000  6871.000000  3429.000000  31100.000000  2440587.260139
26264.000000  10311.000000  -15548.000000  -222.000000  1.000000  -27233.000000  -14200.000000  -7042.000000  0.000000  27508.000000  -29831.000000  -6561.000000  19646.000000  -222.000000  1.000000  30107.000000  2440587.260139
-7116.000000  -21577.000000  -26984.000000  -7981.000000  -3006.000000  -10616.000000  14433.000000  6779.000000  0.000000  1831.000000  22953.000000  -22863.000000  16025.000000  -7981.000000  -3006.000000  6151.000000  2440587.260139
26264.000000  1575.000000  -14865.000000  -22960.000000  -5134.000000  13727.000000  -28658.000000  8018.000000  -4983.000000  28395.000000  -9880.000000  -29215.000000  -18541.000000  -22960.000000  -5134.000000  -13928.000000  2440587.260833
26264.000000  19951.000000  26178.000000  -23197.000000  -11407.000000  25950.000000  -3902.000000  1968.000000  -31296.000000  23017.000000  -26719.000000  10601.000000  6686.000000  -23197.000000  -11407.000000  30403.000000  2440587.260833
26264.000000  -11031.000000  6421.000000  -24057.000000  -17230.000000  -25661.000000  27872.000000  -13619.000000  21074.000000  2428.000000  28200.000000  -4983.000000  -10462.000000  -24057.000000  -17230.000000  -19447.000000  2440587.260833
26264.000000  27867.000000  -26984.000000  -25531.000000  -22590.000000  -10105.000000  27872.000000  -13619.000000  21074.000000  2428.000000  28200.000000  -4983.000000  -32430.000000  -25531.000000  -22590.000000  -21443.000000  2440587.260833
26264.000000  -15921.000000  -6617.000000  6871.000000  3429.000000  23425.000000  -14200.000000  20539.000000  21074.000000  27508.000000  -29831.000000  -6561.000000  31079.000000  6871.000000  3429.000000  31100.000000  2440587.260833
3426.000000  -3709.000000  -30139.000000  -222.000000  1.000000  -27233.000000  -14200.000000  20539.000000  21074.000000  27508.000000  -29831.000000  -6561.000000  -19652.000000  -222.000000  1.000000  29941.000000  2440587.260833
3426.000000  -3709.000000  5291.000000  -7981.000000  -3006.000000  -10616.000000  14433.000000  -19110.000000  21074.000000  1831.000000  22953.000000  -22863.000000  19608.000000  -7981.000000  -3006.000000  -30385.000000  2440587.260833
-665.000000  15411.000000  -26310.000000  -22960.000000  -5134.000000  13727.000000  -28658.000000  8018.000000  -4983.000000  28395.000000  -9880.000000  -29215.000000  24043.000000  -22960.000000  -5134.000000  28578.000000  2440587.261528
11015.000000  -1181.000000  -14865.000000  -23197.000000  -11407.000000  25950.000000  -3902.000000  1968.000000  -31296.000000  23017.000000  -26719.000000  10601.000000  -27951.000000  -23197.000000  -11407.000000  -4852.000000  2440587.261528
-23120.000000  10222.000000  -30139.000000  -24057.000000  -17230.000000  -25661.000000  27872.000000  -13619.000000  21074.000000  2428.000000  28200.000000  -4983.000000  17958.000000  -24057.000000  -17230.000000  -8016.000000  2440587.261528
31812.000000  24776.000000  15342.000000  -25531.000000  -22590.000000  -10105.000000  27872.000000  -13619.000000  21074.000000  2428.000000  28200.000000  -4983.000000  -22616.000000  -25531.000000  -22590.000000  20918.000000  2440587.261528
3426.000000  623.000000  20679.000000  6871.000000  3429.000000  23425.000000  -14200.000000  20539.000000  21074.000000  27508.000000  -29831.000000  -6561.000000  22874.000000  6871.000000  3429.000000  10506.000000  2440587.261528
-23120.000000  -16436.000000  20679.000000  -222.000000  1.000000  -27233.000000  -14200.000000  20539.000000  21074.000000  27508.000000  -29831.000000  -6561.000000  -17095.000000  -222.000000  1.000000  20232.000000  2440587.261528
-23120.000000  -6614.000000  -30139.000000  -7981.000000  -3006.000000  -10616.000000  14433.000000  -19110.000000  21074.000000  1831.000000  22953.000000  -22863.000000  12798.000000  -7981.000000  -3006.000000  22433.000000  2440587.261528
21687.000000  12651.000000  11447.000000  -22960.000000  -5134.000000  13727.000000  -1612.000000  8018.000000  -9752.000000  17766.000000  -23902.000000  29152.000000  5907.000000  -22960.000000  -5134.000000  5603.000000  2440587.262222
3690.000000  31493.000000  -29130.000000  -23197.000000  -11407.000000  25950.000000  -1612.000000  8018.000000  -9752.000000  17766.000000  -23902.000000  29152.000000  7792.000000  -23197.000000  -11407.000000  -6157.000000  2440587.262222
-23120.000000  -6614.000000  20078.000000  -24057.000000  -17230.000000  -25661.000000  27872.000000  -13619.000000  -31296.000000  2428.000000  28200.000000  -4983.000000  17958.000000  -24057.000000  -17230.000000  -8016.000000  2440587.262222
28903.000000  -21526.000000  15342.000000  -25531.000000  -22590.000000  -10105.000000  27872.000000  -13619.000000  -31296.000000  2428.000000  28200.000000  -4983.000000  19791.000000  -25531.000000  -22590.000000  -1691.000000  2440587.262222
20216.000000  12651.000000  13413.000000  6871.000000  3429.000000  23425.000000  -14200.000000  -19110.000000  21074.000000  27508.000000  -29831.000000  -6561.000000  -29665.000000  6871.000000  3429.000000  11599.000000  2440587.262222
-23120.000000  31493.000000  32551.000000  -222.000000  1.000000  -27233.000000  -14200.000000  -19110.000000  21074.000000  27508.000000  -29831.000000  -6561.000000  -17095.000000  -222.000000  1.000000  20232.000000  2440587.262222
-23120.000000  10226.000000  12221.000000  -7981.000000  -3006.000000  -10616.000000  -14200.000000  8018.000000  21074.000000  1831.000000  22953.000000  -22863.000000  9797.000000  -7981.000000  -3006.000000  -16252.000000  2440587.262222
21687.000000  623.000000  11447.000000  -22960.000000  -5134.000000  13727.000000  -1612.000000  8018.000000  -9752.000000  17766.000000  -23902.000000  29152.000000  5907.000000  -22960.000000  -5134.000000  5603.000000  2440587.262917
3690.000000  22410.000000  -22354.000000  -23197.000000  -11407.000000  25950.000000  -1612.000000  8018.000000  -9752.000000  17766.000000  -23902.000000  29152.000000  7792.000000  -23197.000000  -11407.000000  -6157.000000  2440587.262917
-22454.000000  17055.000000  13901.000000  -24057.000000  -17230.000000  -25661.000000  27872.000000  -13619.000000  -31296.000000  2428.000000  28200.000000  -4983.000000  18837.000000  -24057.000000  -17230.000000  6253.000000  2440587.262917
28903.000000  -6226.000000  12221.000000  -25531.000000  -22590.000000  -10105.000000  27872.000000  -13619.000000  -31296.000000  2428.000000  28200.000000  -4983.000000  19791.000000  -25531.000000  -22590.000000  -1691.000000  2440587.262917
-29682.000000  2921.000000  13901.000000  -7981.000000  -3006.000000  -10616.000000  -14200.000000  8018.000000  21074.000000  1831.000000  22953.000000  -22863.000000  12296.000000  -7981.000000  -3006.000000  30109.000000  2440587.262917
13066.000000  -29114.000000  19450.000000  -22960.000000  -5134.000000  13727.000000  -22819.000000  -23415.000000  7933.000000  17766.000000  -23902.000000  29152.000000  -2691.000000  -22960.000000  -5134.000000  24223.000000  2440587.263611
13066.000000  -2101.000000  22910.000000  -23197.000000  -11407.000000  25950.000000  -22819.000000  -23415.000000  7933.000000  17766.000000  -23902.000000  29152.000000  27870.000000  -23197.000000  -11407.000000  -25052.000000  2440587.263611
9001.000000  -18568.000000  -22354.000000  -24057.000000  -17230.000000  -25661.000000  -1612.000000  -18881.000000  2369.000000  2428.000000  28200.000000  -4983.000000  21273.000000  -24057.000000  -17230.000000  23797.000000  2440587.263611
-23339.000000  -3216.000000  13901.000000  -25531.000000  -22590.000000  -10105.000000  -1612.000000  -18881.000000  2369.000000  2428.000000  28200.000000  -4983.000000  -26057.000000  -25531.000000  -22590.000000  -17958.000000  2440587.263611
-1963.000000  26285.000000  8977.000000  -22960.000000  -5134.000000  13727.000000  -22819.000000  -23415.000000  7933.000000  17766.000000  -23902.000000  29152.000000  26268.000000  -22960.000000  -5134.000000  -29226.000000  2440587.264306
9001.000000  -27718.000000  -13656.000000  -23197.000000  -11407.000000  25950.000000  -22819.000000  -23415.000000  7933.000000  17766.000000  -23902.000000  29152.000000  10153.000000  -23197.000000  -11407.000000  20265.000000  2440587.264306
8347.000000  -3216.000000  22910.000000  -24057.000000  -17230.000000  -25661.000000  -1612.000000  -18881.000000  2369.000000  2428.000000  28200.000000  -4983.000000  -23041.000000  -24057.000000  -17230.000000  7906.000000  2440587.264306
-23339.000000  12844.000000  13901.000000  -25531.000000  -22590.000000  -10105.000000  -1612.000000  -18881.000000  2369.000000  2428.000000  28200.000000  -4983.000000  -26057.000000  -25531.000000  -22590.000000  -17958.000000  2440587.264306
-4282.000000  15594.000000  8977.000000  -23197.000000  -11407.000000  25950.000000  4062.000000  -1666.000000  5696.000000  17766.000000  -23902.000000  29152.000000  -11032.000000  -23197.000000  -11407.000000  5618.000000  2440587.265000
-4282.000000  -3216.000000  21172.000000  -24057.000000  -17230.000000  -25661.000000  21588.000000  -15666.000000  5696.000000  2428.000000  28200.000000  -4983.000000  21989.000000  -24057.000000  -17230.000000  -25663.000000  2440587.265000
-7688.000000  15594.000000  8977.000000  -23197.000000  -11407.000000  25950.000000  4062.000000  -1666.000000  5696.000000  17766.000000  -23902.000000  29152.000000  4069.000000  -23197.000000  -11407.000000  -23551.000000  2440587.265694
1797.000000  -28964.000000  21172.000000  -24057.000000  -17230.000000  -25661.000000  21588.000000  -15666.000000  5696.000000  2428.000000  28200.000000  -4983.000000  -5968.000000  -24057.000000  -17230.000000  9271.000000  2440587.265694
11768.000000  -31459.000000  -18944.000000  -25531.000000  -22590.000000  -10105.000000  21588.000000  -15666.000000  5696.000000  2428.000000  28200.000000  -4983.000000  -10970.000000  -25531.000000  -22590.000000  -7361.000000  2440587.265694
-8495.000000  -8486.000000  -4561.000000  -24057.000000  -17230.000000  -25661.000000  1469.000000  -12365.000000  5696.000000  2428.000000  28200.000000  -4983.000000  1575.000000  -24057.000000  -17230.000000  1632.000000  2440587.266389
1797.000000  -31459.000000  -29535.000000  -25531.000000  -22590.000000  -10105.000000  1469.000000  -12365.000000  5696.000000  2428.000000  28200.000000  -4983.000000  7869.000000  -25531.000000  -22590.000000  -28827.000000  2440587.266389
-11608.000000  8396.000000  26744.000000  -25531.000000  -22590.000000  -10105.000000  1469.000000  -12365.000000  5696.000000  2428.000000  28200.000000  -4983.000000  18570.000000  -25531.000000  -22590.000000  -32471.000000  2440587.267083
-5599.000000  8396.000000  26744.000000  -25531.000000  -22590.000000  -10105.000000  1469.000000  -12365.000000  19495.000000  2428.000000  28200.000000  -4983.000000  -24838.000000  -25531.000000  -22590.000000  -17758.000000  2440587.267778
25210.000000  -27646.000000  -25172.000000  -25475.000000  -7714.000000  27516.000000  29738.000000  828.000000  0.000000  30516.000000  7087.000000  1608.000000  31371.000000  -25475.000000  -7714.000000  -16645.000000  2440587.305278
-14712.000000  -21058.000000  -19385.000000  -16400.000000  -5580.000000  7657.000000  29738.000000  828.000000  0.000000  30516.000000  7087.000000  1608.000000  26751.000000  -16400.000000  -5580.000000  24010.000000  2440587.305972
25210.000000  -27646.000000  -19385.000000  -25475.000000  -7714.000000  27516.000000  29738.000000  828.000000  0.000000  30516.000000  7087.000000  1608.000000  31371.000000  -25475.000000  -7714.000000  -16645.000000  2440587.305972
365.000000  -6908.000000  17326.000000  -16400.000000  -5580.000000  7657.000000  -15975.000000  20134.000000  0.000000  30516.000000  7087.000000  1608.000000  11296.000000  -16400.000000  -5580.000000  -13590.000000  2440587.306667
-28231.000000  -21058.000000  -29028.000000  -25475.000000  -7714.000000  27516.000000  -15975.000000  20134.000000  0.000000  30516.000000  7087.000000  1608.000000  -28196.000000  -25475.000000  -7714.000000  -14528.000000  2440587.306667
31610.000000  -4039.000000  -7647.000000  -16400.000000  -5580.000000  7657.000000  -15975.000000  20134.000000  0.000000  30516.000000  7087.000000  1608.000000  31619.000000  -16400.000000  -5580.000000  -6456.000000  2440587.307361
-14758.000000  -3854.000000  23866.000000  -25475.000000  -7714.000000  27516.000000  -15975.000000  20134.000000  0.000000  30516.000000  7087.000000  1608.000000  -12392.000000  -25475.000000  -7714.000000  22389.000000  2440587.307361
19119.000000  -5370.000000  15445.000000  -16400.000000  -5580.000000  7657.000000  32397.000000  -6286.000000  0.000000  30516.000000  7087.000000  1608.000000  22448.000000  -16400.000000  -5580.000000  -23991.000000  2440587.308056
26089.000000  -3854.000000  23866.000000  -25475.000000  -7714.000000  27516.000000  32397.000000  -6286.000000  0.000000  30516.000000  7087.000000  1608.000000  -32444.000000  -25475.000000  -7714.000000  -12651.000000  2440587.308056
26089.000000  -1273.000000  27530.000000  -16400.000000  -5580.000000  7657.000000  32397.000000  -6286.000000  0.000000  30516.000000  7087.000000  1608.000000  31169.000000  -16400.000000  -5580.000000  -12754.000000  2440587.308750
26089.000000  -17889.000000  15445.000000  -25475.000000  -7714.000000  27516.000000  32397.000000  -6286.000000  0.000000  30516.000000  7087.000000  1608.000000  -32444.000000  -25475.000000  -7714.000000  -12651.000000  2440587.308750
9272.000000  30947.000000  27530.000000  -16400.000000  -5580.000000  7657.000000  27036.000000  -462.000000  0.000000  30516.000000  7087.000000  1608.000000  -9890.000000  -16400.000000  -5580.000000  -20743.000000  2440587.309444
-11572.000000  -1273.000000  -10037.000000  -25475.000000  -7714.000000  27516.000000  27036.000000  -462.000000  0.000000  30516.000000  7087.000000  1608.000000  -30773.000000  -25475.000000  -7714.000000  -29354.000000  2440587.309444
12165.000000  -7908.000000  27550.000000  -25531.000000  -22590.000000  -10105.000000  -32677.000000  -462.000000  5644.000000  2428.000000  28200.000000  -4983.000000  11338.000000  -25531.000000  -22590.000000  3161.000000  2440587.310139
-19771.000000  -7908.000000  27550.000000  -7981.000000  -3006.000000  -10616.000000  27061.000000  30325.000000  30153.000000  1831.000000  22953.000000  -22863.000000  -6077.000000  -7981.000000  -3006.000000  18423.000000  2440587.310139
-11572.000000  30947.000000  -10037.000000  -16400.000000  -5580.000000  7657.000000  27036.000000  -462.000000  0.000000  30516.000000  7087.000000  1608.000000  29507.000000  -16400.000000  -5580.000000  -29567.000000  2440587.310139
14239.000000  -5510.000000  13040.000000  -25475.000000  -7714.000000  27516.000000  27036.000000  -462.000000  0.000000  30516.000000  7087.000000  1608.000000  -17154.000000  -25475.000000  -7714.000000  14259.000000  2440587.310139
-12072.000000  31953.000000  31787.000000  -16400.000000  -5580.000000  7657.000000  32397.000000  -5453.000000  0.000000  30516.000000  7087.000000  1608.000000  5482.000000  -16400.000000  -5580.000000  28858.000000  2440587.310833
-13876.000000  31953.000000  -14548.000000  -25475.000000  -7714.000000  27516.000000  32397.000000  -5453.000000  0.000000  30516.000000  7087.000000  1608.000000  -32728.000000  -25475.000000  -7714.000000  16462.000000  2440587.310833
-12072.000000  31953.000000  31787.000000  -16400.000000  -5580.000000  7657.000000  32397.000000  -5453.000000  0.000000  30516.000000  7087.000000  1608.000000  5482.000000  -16400.000000  -5580.000000  28858.000000  2440587.311528
-12072.000000  31953.000000  -14064.000000  -25475.000000  -7714.000000  27516.000000  32397.000000  -5453.000000  0.000000  30516.000000  7087.000000  1608.000000  1742.000000  -25475.000000  -7714.000000  28683.000000  2440587.311528
-12072.000000  8143.000000  27914.000000  -16400.000000  -5580.000000  7657.000000  -1183.000000  31406.000000  -1600.000000  30516.000000  7087.000000  1608.000000  -24005.000000  -16400.000000  -5580.000000  25006.000000  2440587.312222
-6189.000000  -30679.000000  7346.000000  -25475.000000  -7714.000000  27516.000000  -1183.000000  31406.000000  -1600.000000  30516.000000  7087.000000  1608.000000  27059.000000  -25475.000000  -7714.000000  -5520.000000  2440587.312222
-1556.000000  17007.000000  11468.000000  -16400.000000  -5580.000000  7657.000000  -1183.000000  31406.000000  -1600.000000  30516.000000  7087.000000  1608.000000  -32290.000000  -16400.000000  -5580.000000  6269.000000  2440587.312917
-12672.000000  10694.000000  11468.000000  -25475.000000  -7714.000000  27516.000000  -1183.000000  31406.000000  -1600.000000  30516.000000  7087.000000  1608.000000  17906.000000  -25475.000000  -7714.000000  -3499.000000  2440587.312917
-30568.000000  17792.000000  -28529.000000  -7981.000000  -3006.000000  -10616.000000  11954.000000  -2032.000000  -507.000000  1831.000000  22953.000000  -22863.000000  -29337.000000  -7981.000000  -3006.000000  -24243.000000  2440587.313611
28800.000000  12846.000000  15807.000000  -16400.000000  -5580.000000  7657.000000  7099.000000  -29513.000000  0.000000  30516.000000  7087.000000  1608.000000  -13128.000000  -16400.000000  -5580.000000  -30929.000000  2440587.313611
28800.000000  -715.000000  11468.000000  -25475.000000  -7714.000000  27516.000000  7099.000000  -29513.000000  0.000000  30516.000000  7087.000000  1608.000000  11325.000000  -25475.000000  -7714.000000  -30853.000000  2440587.313611
-24978.000000  12846.000000  5855.000000  -16400.000000  -5580.000000  7657.000000  7099.000000  -29513.000000  0.000000  30516.000000  7087.000000  1608.000000  -19594.000000  -16400.000000  -5580.000000  -23631.000000  2440587.314306
27175.000000  12846.000000  5855.000000  -25475.000000  -7714.000000  27516.000000  7099.000000  -29513.000000  0.000000  30516.000000  7087.000000  1608.000000  26371.000000  -25475.000000  -7714.000000  -19542.000000  2440587.314306
32046.000000  12846.000000  -4282.000000  -16400.000000  -5580.000000  7657.000000  0.000000  -29314.000000  0.000000  30516.000000  7087.000000  1608.000000  13738.000000  -16400.000000  -5580.000000  16580.000000  2440587.315000
32046.000000  -715.000000  -4282.000000  -25475.000000  -7714.000000  27516.000000  0.000000  -29314.000000  0.000000  30516.000000  7087.000000  1608.000000  -31204.000000  -25475.000000  -7714.000000  16580.000000  2440587.315000
-30390.000000  7687.000000  -27152.000000  -16400.000000  -5580.000000  7657.000000  0.000000  -29314.000000  0.000000  30516.000000  7087.000000  1608.000000  -25228.000000  -16400.000000  -5580.000000  16580.000000  2440587.315694
18886.000000  23062.000000  -27152.000000  -25475.000000  -7714.000000  27516.000000  0.000000  -29314.000000  0.000000  30516.000000  7087.000000  1608.000000  29668.000000  -25475.000000  -7714.000000  16580.000000  2440587.315694
-2383.000000  7687.000000  -27152.000000  -16400.000000  -5580.000000  7657.000000  -13837.000000  -2961.000000  0.000000  30516.000000  7087.000000  1608.000000  -3112.000000  -16400.000000  -5580.000000  26491.000000  2440587.316389
-2383.000000  9333.000000  -27152.000000  -25475.000000  -7714.000000  27516.000000  -13837.000000  -2961.000000  0.000000  30516.000000  7087.000000  1608.000000  15763.000000  -25475.000000  -7714.000000  26188.000000  2440587.316389
-3273.000000  9333.000000  28199.000000  -16400.000000  -5580.000000  7657.000000  -13837.000000  -2961.000000  0.000000  30516.000000  7087.000000  1608.000000  1551.000000  -16400.000000  -5580.000000  -26479.000000  2440587.317083
-30869.000000  19987.000000  -13799.000000  -25475.000000  -7714.000000  27516.000000  -13837.000000  -2961.000000  0.000000  30516.000000  7087.000000  1608.000000  10824.000000  -25475.000000  -7714.000000  -27190.000000  2440587.317083
-30869.000000  -31192.000000  -3126.000000  -16400.000000  -5580.000000  7657.000000  -30880.000000  7954.000000  0.000000  30516.000000  7087.000000  1608.000000  21016.000000  -16400.000000  -5580.000000  10239.000000  2440587.317778
-7600.000000  -31192.000000  28951.000000  -25475.000000  -7714.000000  27516.000000  -30880.000000  7954.000000  0.000000  30516.000000  7087.000000  1608.000000  20471.000000  -25475.000000  -7714.000000  28269.000000  2440587.317778
-22318.000000  -31192.000000  -7184.000000  -16400.000000  -5580.000000  7657.000000  -30880.000000  7954.000000  0.000000  30516.000000  7087.000000  1608.000000  5257.000000  -16400.000000  -5580.000000  -27069.000000  2440587.318472
-22318.000000  -31192.000000  16031.000000  -25475.000000  -7714.000000  27516.000000  -30880.000000  7954.000000  0.000000  30516.000000  7087.000000  1608.000000  32530.000000  -25475.000000  -7714.000000  -28276.000000  2440587.318472
16826.000000  11657.000000  16031.000000  -16400.000000  -5580.000000  7657.000000  23636.000000  -6575.000000  0.000000  30516.000000  7087.000000  1608.000000  18320.000000  -16400.000000  -5580.000000  15604.000000  2440587.319167
16826.000000  -25431.000000  24098.000000  -25475.000000  -7714.000000  27516.000000  23636.000000  -6575.000000  0.000000  30516.000000  7087.000000  1608.000000  -19361.000000  -25475.000000  -7714.000000  14223.000000  2440587.319167
14195.000000  6163.000000  -7184.000000  -16400.000000  -5580.000000  7657.000000  23636.000000  -6575.000000  0.000000  30516.000000  7087.000000  1608.000000  11114.000000  -16400.000000  -5580.000000  -21177.000000  2440587.319861
-2536.000000  -25431.000000  24098.000000  -25475.000000  -7714.000000  27516.000000  23636.000000  -6575.000000  0.000000  30516.000000  7087.000000  1608.000000  3080.000000  -25475.000000  -7714.000000  -27219.000000  2440587.319861
14195.000000  6163.000000  5703.000000  -16400.000000  -5580.000000  7657.000000  -23215.000000  7954.000000  0.000000  30516.000000  7087.000000  1608.000000  1673.000000  -16400.000000  -5580.000000  30884.000000  2440587.320556
923.000000  -25431.000000  5703.000000  -25475.000000  -7714.000000  27516.000000  -23215.000000  7954.000000  0.000000  30516.000000  7087.000000  1608.000000  26761.000000  -25475.000000  -7714.000000  -4960.000000  2440587.320556
-24119.000000  -23787.000000  -11322.000000  -16400.000000  -5580.000000  7657.000000  -23215.000000  7954.000000  0.000000  30516.000000  7087.000000  1608.000000  -30913.000000  -16400.000000  -5580.000000  -6224.000000  2440587.321250
27660.000000  6163.000000  -11322.000000  -25475.000000  -7714.000000  27516.000000  -23215.000000  7954.000000  0.000000  30516.000000  7087.000000  1608.000000  3794.000000  -25475.000000  -7714.000000  -12891.000000  2440587.321250
-29587.000000  -23787.000000  -11322.000000  -16400.000000  -5580.000000  7657.000000  -24056.000000  22162.000000  0.000000  30516.000000  7087.000000  1608.000000  30346.000000  -16400.000000  -5580.000000  4379.000000  2440587.321944
1946.000000  -23787.000000  11184.000000  -25475.000000  -7714.000000  27516.000000  -24056.000000  22162.000000  0.000000  30516.000000  7087.000000  1608.000000  29980.000000  -25475.000000  -7714.000000  -7652.000000  2440587.321944
16393.000000  2871.000000  11184.000000  -16400.000000  -5580.000000  7657.000000  -24056.000000  22162.000000  0.000000  30516.000000  7087.000000  1608.000000  19889.000000  -16400.000000  -5580.000000  -7062.000000  2440587.322639
163.000000  2871.000000  11184.000000  -25475.000000  -7714.000000  27516.000000  -24056.000000  22162.000000  0.000000  30516.000000  7087.000000  1608.000000  12426.000000  -25475.000000  -7714.000000  -11317.000000  2440587.322639
16393.000000  7581.000000  11184.000000  -16400.000000  -5580.000000  7657.000000  -18903.000000  -16461.000000  -11959.000000  30516.000000  7087.000000  1608.000000  14403.000000  -16400.000000  -5580.000000  1018.000000  2440587.323333
-9949.000000  3725.000000  -21817.000000  -25475.000000  -7714.000000  27516.000000  -18903.000000  -16461.000000  -11959.000000  30516.000000  7087.000000  1608.000000  -30392.000000  -25475.000000  -7714.000000  -13715.000000  2440587.323333
-9949.000000  16793.000000  -3318.000000  -25475.000000  -7714.000000  27516.000000  -18903.000000  -16461.000000  -11959.000000  30516.000000  7087.000000  1608.000000  -30392.000000  -25475.000000  -7714.000000  -13715.000000  2440587.324028
-32191.000000  -24627.000000  -5443.000000  -25475.000000  -7714.000000  27516.000000  -24056.000000  -32542.000000  1055.000000  30516.000000  7087.000000  1608.000000  3045.000000  -25475.000000  -7714.000000  -30911.000000  2440587.324722
6529.000000  6726.000000  30438.000000  -16400.000000  -5580.000000  7657.000000  -24056.000000  -32542.000000  1055.000000  30516.000000  7087.000000  1608.000000  -661.000000  -16400.000000  -5580.000000  -1813.000000  2440587.325417
-15146.000000  -24627.000000  -10600.000000  -25475.000000  -7714.000000  27516.000000  -24056.000000  -32542.000000  1055.000000  30516.000000  7087.000000  1608.000000  17781.000000  -25475.000000  -7714.000000  13487.000000  2440587.325417
-7864.000000  6726.000000  30438.000000  -16400.000000  -5580.000000  7657.000000  5026.000000  61.000000  14889.000000  30516.000000  7087.000000  1608.000000  -27383.000000  -16400.000000  -5580.000000  -20023.000000  2440587.326111
6529.000000  -24627.000000  -14416.000000  -25475.000000  -7714.000000  27516.000000  5026.000000  61.000000  14889.000000  30516.000000  7087.000000  1608.000000  -27328.000000  -25475.000000  -7714.000000  -20028.000000  2440587.326111
924.000000  20429.000000  -14416.000000  -16400.000000  -5580.000000  7657.000000  5026.000000  61.000000  14889.000000  30516.000000  7087.000000  1608.000000  -24043.000000  -16400.000000  -5580.000000  -19925.000000  2440587.326806
-28009.000000  20980.000000  -14416.000000  -25475.000000  -7714.000000  27516.000000  5026.000000  61.000000  14889.000000  30516.000000  7087.000000  1608.000000  7087.000000  -25475.000000  -7714.000000  -12771.000000  2440587.326806
-22824.000000  20429.000000  -14416.000000  -16400.000000  -5580.000000  7657.000000  31484.000000  61.000000  0.000000  30516.000000  7087.000000  1608.000000  -8077.000000  -16400.000000  -5580.000000  -15384.000000  2440587.327500
-22154.000000  20980.000000  -14416.000000  -25475.000000  -7714.000000  27516.000000  31484.000000  61.000000  0.000000  30516.000000  7087.000000  1608.000000  -4208.000000  -25475.000000  -7714.000000  871.000000  2440587.327500
2582.000000  20980.000000  -12685.000000  -25475.000000  -7714.000000  27516.000000  31484.000000  61.000000  0.000000  30516.000000  7087.000000  1608.000000  438.000000  -25475.000000  -7714.000000  25650.000000  2440587.328194
-14876.000000  -1920.000000  -12685.000000  -25475.000000  -7714.000000  27516.000000  -23196.000000  -9497.000000  0.000000  30516.000000  7087.000000  1608.000000  -12052.000000  -25475.000000  -7714.000000  32701.000000  2440587.328889
18828.000000  -25715.000000  -10739.000000  -16400.000000  -5580.000000  7657.000000  -23196.000000  -9497.000000  0.000000  30516.000000  7087.000000  1608.000000  16294.000000  -16400.000000  -5580.000000  -27802.000000  2440587.329583
18714.000000  -4538.000000  31295.000000  -25475.000000  -7714.000000  27516.000000  -23196.000000  -9497.000000  0.000000  30516.000000  7087.000000  1608.000000  7374.000000  -25475.000000  -7714.000000  -25834.000000  2440587.329583
-18864.000000  -25715.000000  31295.000000  -25475.000000  -7714.000000  27516.000000  -29601.000000  -9497.000000  0.000000  30516.000000  7087.000000  1608.000000  -9966.000000  -25475.000000  -7714.000000  -30921.000000  2440587.330278
29754.000000  21971.000000  16565.000000  -25475.000000  -7714.000000  27516.000000  -29601.000000  -9497.000000  0.000000  30516.000000  7087.000000  1608.000000  -21714.000000  -25475.000000  -7714.000000  -31787.000000  2440587.330972
-17772.000000  13881.000000  32561.000000  -25475.000000  -7714.000000  27516.000000  4429.000000  -13757.000000  0.000000  30516.000000  7087.000000  1608.000000  11881.000000  -25475.000000  -7714.000000  -10458.000000  2440587.331667
-11417.000000  13587.000000  32561.000000  -25475.000000  -7714.000000  27516.000000  4429.000000  -13757.000000  0.000000  30516.000000  7087.000000  1608.000000  10088.000000  -25475.000000  -7714.000000  2556.000000  2440587.332361
-11417.000000  27665.000000  4292.000000  -25475.000000  -7714.000000  27516.000000  -31015.000000  -13757.000000  0.000000  30516.000000  7087.000000  1608.000000  -17882.000000  -25475.000000  -7714.000000  -1239.000000  2440587.333056
-11417.000000  26948.000000  20831.000000  -25475.000000  -7714.000000  27516.000000  -31015.000000  -13757.000000  0.000000  30516.000000  7087.000000  1608.000000  -17882.000000  -25475.000000  -7714.000000  -1239.000000  2440587.333750
